3 0.717187 0.190278 0.021875 0.038889
8 0.717187 0.138889 0.060937 0.036111
2 0.617969 0.658333 0.027344 0.048611
8 0.617969 0.602083 0.060937 0.036111
7 0.421094 0.759722 0.021875 0.038889
8 0.421094 0.708333 0.060937 0.036111
0 0.839844 0.511111 0.022656 0.040278
8 0.839844 0.563194 0.060937 0.036111
0 0.870313 0.500000 0.020313 0.036111
8 0.917188 0.500000 0.060937 0.036111
4 0.243750 0.625000 0.019531 0.034722
8 0.243750 0.575694 0.060937 0.036111
2 0.289844 0.865278 0.025000 0.044444
8 0.289844 0.811111 0.060937 0.036111
1 0.832812 0.451389 0.021094 0.037500
8 0.832812 0.400694 0.060937 0.036111
