7 0.593750 0.313889 0.024219 0.043056
8 0.593750 0.260417 0.060937 0.036111
3 0.455469 0.176389 0.017969 0.031944
8 0.455469 0.128472 0.060937 0.036111
7 0.344531 0.441667 0.015625 0.027778
8 0.344531 0.395833 0.060937 0.036111
3 0.535156 0.625000 0.021875 0.038889
8 0.535156 0.573611 0.060937 0.036111
2 0.758594 0.461111 0.025781 0.045833
8 0.758594 0.406250 0.060937 0.036111
0 0.734375 0.852778 0.027344 0.048611
8 0.734375 0.796528 0.060937 0.036111
2 0.401562 0.487500 0.025000 0.044444
8 0.401562 0.541667 0.060937 0.036111
1 0.151562 0.281944 0.021094 0.037500
8 0.151562 0.231250 0.060937 0.036111
2 0.456250 0.287500 0.018750 0.033333
8 0.456250 0.238889 0.060937 0.036111
