6 0.815625 0.868056 0.025781 0.045833
8 0.815625 0.922917 0.060937 0.036111
1 0.649219 0.570833 0.024219 0.043056
8 0.649219 0.517361 0.060937 0.036111
0 0.839063 0.636111 0.025781 0.045833
8 0.839063 0.581250 0.060937 0.036111
6 0.646094 0.272222 0.017188 0.030556
8 0.646094 0.225000 0.060937 0.036111
2 0.873437 0.408333 0.022656 0.040278
8 0.873437 0.356250 0.060937 0.036111
0 0.850781 0.813889 0.015625 0.027778
8 0.850781 0.768056 0.060937 0.036111
1 0.721094 0.781944 0.024219 0.043056
8 0.721094 0.728472 0.060937 0.036111
0 0.703906 0.304167 0.016406 0.029167
8 0.703906 0.350694 0.060937 0.036111
