2 0.907813 0.704167 0.019531 0.034722
8 0.907813 0.654861 0.060937 0.036111
0 0.757812 0.580556 0.026562 0.047222
8 0.757812 0.525000 0.060937 0.036111
1 0.177344 0.201389 0.016406 0.029167
8 0.177344 0.154861 0.060937 0.036111
0 0.081250 0.438889 0.027344 0.048611
8 0.081250 0.382639 0.060937 0.036111
6 0.703125 0.622222 0.026562 0.047222
8 0.703125 0.677778 0.060937 0.036111
3 0.645312 0.412500 0.017969 0.031944
8 0.645312 0.364583 0.060937 0.036111
2 0.528125 0.525000 0.025000 0.044444
8 0.528125 0.470833 0.060937 0.036111
6 0.833594 0.304167 0.025000 0.044444
8 0.833594 0.250000 0.060937 0.036111
0 0.615625 0.781944 0.017969 0.031944
8 0.615625 0.734028 0.060937 0.036111
