1 0.239844 0.226389 0.024219 0.043056
8 0.239844 0.172917 0.060937 0.036111
3 0.251563 0.277778 0.021094 0.037500
8 0.251563 0.328472 0.060937 0.036111
3 0.408594 0.386111 0.015625 0.027778
8 0.408594 0.340278 0.060937 0.036111
3 0.814063 0.513889 0.017188 0.030556
8 0.814063 0.466667 0.060937 0.036111
0 0.297656 0.730556 0.017188 0.030556
8 0.297656 0.683333 0.060937 0.036111
4 0.582812 0.431944 0.023438 0.041667
8 0.582812 0.379167 0.060937 0.036111
7 0.894531 0.593056 0.027344 0.048611
8 0.894531 0.536806 0.060937 0.036111
