1 0.693750 0.493056 0.016406 0.029167
8 0.693750 0.446528 0.060937 0.036111
3 0.511719 0.887500 0.023438 0.041667
8 0.511719 0.834722 0.060937 0.036111
7 0.381250 0.437500 0.020313 0.036111
8 0.381250 0.387500 0.060937 0.036111
0 0.874219 0.581944 0.025781 0.045833
8 0.874219 0.527083 0.060937 0.036111
5 0.310937 0.268056 0.015625 0.027778
8 0.310937 0.222222 0.060937 0.036111
2 0.242969 0.580556 0.018750 0.033333
8 0.242969 0.531944 0.060937 0.036111
0 0.134375 0.679167 0.015625 0.027778
8 0.134375 0.633333 0.060937 0.036111
1 0.581250 0.756944 0.027344 0.048611
8 0.581250 0.700694 0.060937 0.036111
2 0.389844 0.829167 0.017969 0.031944
8 0.389844 0.781250 0.060937 0.036111
