7 0.191406 0.341667 0.017969 0.031944
8 0.191406 0.293750 0.060937 0.036111
5 0.242969 0.634722 0.021094 0.037500
8 0.242969 0.584028 0.060937 0.036111
2 0.540625 0.856944 0.022656 0.040278
8 0.540625 0.804861 0.060937 0.036111
0 0.460938 0.313889 0.018750 0.033333
8 0.460938 0.265278 0.060937 0.036111
3 0.245312 0.375000 0.024219 0.043056
8 0.245312 0.428472 0.060937 0.036111
2 0.187500 0.861111 0.021875 0.038889
8 0.187500 0.809722 0.060937 0.036111
2 0.600781 0.223611 0.016406 0.029167
8 0.600781 0.177083 0.060937 0.036111
