4 0.577344 0.508333 0.027344 0.048611
8 0.577344 0.452083 0.060937 0.036111
1 0.754687 0.427778 0.022656 0.040278
8 0.754687 0.375694 0.060937 0.036111
3 0.532813 0.548611 0.024219 0.043056
8 0.532813 0.602083 0.060937 0.036111
3 0.575000 0.331944 0.020313 0.036111
8 0.575000 0.281944 0.060937 0.036111
1 0.735938 0.577778 0.026562 0.047222
8 0.735938 0.522222 0.060937 0.036111
2 0.192188 0.319444 0.020313 0.036111
8 0.192188 0.269444 0.060937 0.036111
3 0.409375 0.365278 0.025781 0.045833
8 0.409375 0.310417 0.060937 0.036111
1 0.853906 0.762500 0.016406 0.029167
8 0.853906 0.715972 0.060937 0.036111
5 0.352344 0.372222 0.020313 0.036111
8 0.352344 0.422222 0.060937 0.036111
1 0.533594 0.812500 0.016406 0.029167
8 0.533594 0.765972 0.060937 0.036111
