4 0.310937 0.647222 0.022656 0.040278
8 0.310937 0.595139 0.060937 0.036111
2 0.743750 0.766667 0.020313 0.036111
8 0.743750 0.816667 0.060937 0.036111
7 0.389844 0.798611 0.026562 0.047222
8 0.389844 0.743056 0.060937 0.036111
2 0.284375 0.738889 0.022656 0.040278
8 0.284375 0.790972 0.060937 0.036111
1 0.709375 0.723611 0.018750 0.033333
8 0.663281 0.723611 0.060937 0.036111
1 0.639844 0.381944 0.027344 0.048611
8 0.639844 0.325694 0.060937 0.036111
1 0.103906 0.269444 0.025000 0.044444
8 0.103906 0.215278 0.060937 0.036111
2 0.721875 0.631944 0.018750 0.033333
8 0.721875 0.583333 0.060937 0.036111
0 0.417969 0.413889 0.021094 0.037500
8 0.417969 0.363194 0.060937 0.036111
