2 0.631250 0.877778 0.025000 0.044444
8 0.631250 0.823611 0.060937 0.036111
1 0.680469 0.380556 0.021094 0.037500
8 0.680469 0.329861 0.060937 0.036111
5 0.464844 0.337500 0.020313 0.036111
8 0.464844 0.287500 0.060937 0.036111
2 0.892188 0.495833 0.016406 0.029167
8 0.892188 0.449306 0.060937 0.036111
4 0.760938 0.401389 0.017188 0.030556
8 0.760938 0.354167 0.060937 0.036111
3 0.352344 0.208333 0.025000 0.044444
8 0.352344 0.154167 0.060937 0.036111
1 0.235937 0.688889 0.020313 0.036111
8 0.235937 0.638889 0.060937 0.036111
3 0.170313 0.615278 0.025781 0.045833
8 0.170313 0.560417 0.060937 0.036111
1 0.324219 0.376389 0.017969 0.031944
8 0.324219 0.328472 0.060937 0.036111
