7 0.204687 0.738889 0.017969 0.031944
8 0.204687 0.690972 0.060937 0.036111
1 0.439844 0.184722 0.021094 0.037500
8 0.439844 0.134028 0.060937 0.036111
0 0.440625 0.780556 0.020313 0.036111
8 0.440625 0.730556 0.060937 0.036111
6 0.606250 0.413889 0.024219 0.043056
8 0.606250 0.360417 0.060937 0.036111
2 0.451562 0.390278 0.019531 0.034722
8 0.451562 0.340972 0.060937 0.036111
1 0.109375 0.573611 0.016406 0.029167
8 0.109375 0.527083 0.060937 0.036111
1 0.491406 0.250000 0.021094 0.037500
8 0.491406 0.199306 0.060937 0.036111
3 0.623437 0.734722 0.025781 0.045833
8 0.623437 0.679861 0.060937 0.036111
