2 0.689844 0.300000 0.015625 0.027778
8 0.689844 0.254167 0.060937 0.036111
3 0.183594 0.204167 0.021094 0.037500
8 0.183594 0.153472 0.060937 0.036111
3 0.700781 0.201389 0.021094 0.037500
8 0.700781 0.150694 0.060937 0.036111
2 0.864844 0.779167 0.015625 0.027778
8 0.864844 0.733333 0.060937 0.036111
2 0.635938 0.179167 0.025781 0.045833
8 0.586328 0.179167 0.060937 0.036111
3 0.505469 0.330556 0.025781 0.045833
8 0.505469 0.275694 0.060937 0.036111
1 0.367969 0.512500 0.019531 0.034722
8 0.367969 0.463194 0.060937 0.036111
1 0.651563 0.773611 0.021094 0.037500
8 0.651563 0.722917 0.060937 0.036111
4 0.815625 0.705556 0.023438 0.041667
8 0.815625 0.652778 0.060937 0.036111
5 0.297656 0.843056 0.017188 0.030556
8 0.297656 0.795833 0.060937 0.036111
