7 0.232813 0.672222 0.021875 0.038889
8 0.232813 0.620833 0.060937 0.036111
0 0.371094 0.473611 0.016406 0.029167
8 0.371094 0.427083 0.060937 0.036111
2 0.169531 0.626389 0.027344 0.048611
8 0.169531 0.682639 0.060937 0.036111
2 0.166406 0.537500 0.023438 0.041667
8 0.166406 0.484722 0.060937 0.036111
2 0.284375 0.681944 0.025000 0.044444
8 0.284375 0.736111 0.060937 0.036111
3 0.600781 0.512500 0.022656 0.040278
8 0.600781 0.460417 0.060937 0.036111
4 0.773438 0.595833 0.027344 0.048611
8 0.773438 0.539583 0.060937 0.036111
