1 0.810937 0.552778 0.027344 0.048611
8 0.810937 0.496528 0.060937 0.036111
2 0.760938 0.541667 0.015625 0.027778
8 0.716406 0.541667 0.060937 0.036111
1 0.882812 0.723611 0.017969 0.031944
8 0.882812 0.675694 0.060937 0.036111
7 0.916406 0.272222 0.026562 0.047222
8 0.916406 0.216667 0.060937 0.036111
5 0.246875 0.263889 0.024219 0.043056
8 0.246875 0.210417 0.060937 0.036111
1 0.085156 0.706944 0.024219 0.043056
8 0.085156 0.653472 0.060937 0.036111
3 0.774219 0.201389 0.019531 0.034722
8 0.774219 0.152083 0.060937 0.036111
