1 0.581250 0.336111 0.025000 0.044444
8 0.581250 0.281944 0.059375 0.036111
3 0.471875 0.819444 0.027344 0.048611
8 0.471875 0.763194 0.059375 0.036111
4 0.396875 0.858333 0.024219 0.043056
8 0.396875 0.804861 0.060937 0.036111
3 0.425781 0.647222 0.027344 0.048611
8 0.425781 0.590972 0.060937 0.036111
1 0.605469 0.726389 0.026562 0.047222
8 0.605469 0.670833 0.060937 0.036111
2 0.710156 0.670833 0.027344 0.048611
8 0.710156 0.614583 0.060937 0.036111
2 0.132812 0.663889 0.017188 0.030556
8 0.132812 0.616667 0.060937 0.036111
5 0.161719 0.825000 0.027344 0.048611
8 0.161719 0.768750 0.060937 0.036111
3 0.900781 0.229167 0.027344 0.048611
8 0.900781 0.172917 0.060937 0.036111
