2 0.182031 0.487500 0.015625 0.027778
8 0.182031 0.441667 0.060937 0.036111
4 0.345313 0.190278 0.021875 0.038889
8 0.345313 0.138889 0.060937 0.036111
1 0.256250 0.434722 0.021094 0.037500
8 0.256250 0.384028 0.060937 0.036111
1 0.266406 0.605556 0.023438 0.041667
8 0.266406 0.552778 0.060937 0.036111
2 0.119531 0.561111 0.025781 0.045833
8 0.119531 0.506250 0.060937 0.036111
0 0.331250 0.762500 0.024219 0.043056
8 0.331250 0.709028 0.060937 0.036111
2 0.273438 0.198611 0.019531 0.034722
8 0.273438 0.149306 0.060937 0.036111
2 0.460938 0.761111 0.021094 0.037500
8 0.460938 0.710417 0.060937 0.036111
4 0.292187 0.509722 0.015625 0.027778
8 0.336719 0.509722 0.060937 0.036111
