0 0.906250 0.391667 0.017969 0.031944
8 0.906250 0.343750 0.060937 0.036111
1 0.532031 0.297222 0.023438 0.041667
8 0.532031 0.244444 0.060937 0.036111
0 0.914844 0.766667 0.020313 0.036111
8 0.914844 0.716667 0.060937 0.036111
7 0.497656 0.500000 0.022656 0.040278
8 0.497656 0.447917 0.060937 0.036111
2 0.606250 0.634722 0.027344 0.048611
8 0.606250 0.578472 0.060937 0.036111
5 0.359375 0.581944 0.016406 0.029167
8 0.359375 0.535417 0.060937 0.036111
2 0.278125 0.751389 0.016406 0.029167
8 0.278125 0.704861 0.060937 0.036111
3 0.147656 0.750000 0.016406 0.029167
8 0.147656 0.703472 0.060937 0.036111
1 0.203125 0.672222 0.021875 0.038889
8 0.203125 0.620833 0.060937 0.036111
