0 0.108594 0.243056 0.025781 0.045833
8 0.108594 0.188194 0.060937 0.036111
3 0.317188 0.594444 0.016406 0.029167
8 0.317188 0.547917 0.060937 0.036111
7 0.865625 0.402778 0.026562 0.047222
8 0.865625 0.347222 0.060937 0.036111
6 0.309375 0.329167 0.024219 0.043056
8 0.309375 0.275694 0.060937 0.036111
3 0.387500 0.306944 0.020313 0.036111
8 0.387500 0.256944 0.060937 0.036111
0 0.793750 0.211111 0.016406 0.029167
8 0.793750 0.164583 0.060937 0.036111
3 0.471094 0.448611 0.025000 0.044444
8 0.471094 0.394444 0.060937 0.036111
1 0.686719 0.680556 0.017969 0.031944
8 0.686719 0.632639 0.060937 0.036111
0 0.131250 0.543056 0.025781 0.045833
8 0.131250 0.488194 0.060937 0.036111
