1 0.561719 0.637500 0.020313 0.036111
8 0.561719 0.587500 0.060937 0.036111
0 0.442188 0.822222 0.020313 0.036111
8 0.442188 0.772222 0.060937 0.036111
5 0.178906 0.463889 0.022656 0.040278
8 0.178906 0.411806 0.060937 0.036111
0 0.773438 0.573611 0.021094 0.037500
8 0.773438 0.522917 0.060937 0.036111
3 0.558594 0.330556 0.020313 0.036111
8 0.558594 0.280556 0.060937 0.036111
3 0.685937 0.445833 0.025781 0.045833
8 0.685937 0.390972 0.060937 0.036111
7 0.673438 0.218056 0.017188 0.030556
8 0.673438 0.170833 0.060937 0.036111
0 0.755469 0.791667 0.019531 0.034722
8 0.755469 0.742361 0.060937 0.036111
0 0.910156 0.605556 0.018750 0.033333
8 0.910156 0.556944 0.060937 0.036111
