0 0.891406 0.288889 0.027344 0.048611
8 0.891406 0.232639 0.060937 0.036111
3 0.304688 0.509722 0.022656 0.040278
8 0.304688 0.457639 0.060937 0.036111
2 0.524219 0.255556 0.020313 0.036111
8 0.524219 0.205556 0.060937 0.036111
5 0.534375 0.411111 0.025000 0.044444
8 0.534375 0.356944 0.060937 0.036111
5 0.254688 0.781944 0.015625 0.027778
8 0.254688 0.736111 0.060937 0.036111
3 0.089063 0.318056 0.019531 0.034722
8 0.089063 0.268750 0.060937 0.036111
1 0.346094 0.880556 0.022656 0.040278
8 0.346094 0.828472 0.059375 0.036111
1 0.848437 0.433333 0.020313 0.036111
8 0.848437 0.383333 0.060937 0.036111
0 0.759375 0.793056 0.016406 0.029167
8 0.759375 0.746528 0.060937 0.036111
