1 0.718750 0.759722 0.017969 0.031944
8 0.718750 0.711806 0.060937 0.036111
1 0.251563 0.512500 0.022656 0.040278
8 0.251563 0.460417 0.057813 0.036111
0 0.608594 0.769444 0.022656 0.040278
8 0.608594 0.717361 0.060937 0.036111
5 0.845313 0.263889 0.015625 0.027778
8 0.845313 0.218056 0.060937 0.036111
7 0.863281 0.825000 0.017188 0.030556
8 0.863281 0.777778 0.060937 0.036111
2 0.760938 0.441667 0.023438 0.041667
8 0.760938 0.388889 0.060937 0.036111
1 0.164062 0.597222 0.016406 0.029167
8 0.164062 0.550694 0.060937 0.036111
0 0.380469 0.470833 0.026562 0.047222
8 0.380469 0.415278 0.060937 0.036111
2 0.534375 0.636111 0.020313 0.036111
8 0.534375 0.586111 0.059375 0.036111
