2 0.516406 0.650000 0.027344 0.048611
8 0.516406 0.706250 0.060937 0.036111
6 0.553125 0.629167 0.023438 0.041667
8 0.553125 0.576389 0.060937 0.036111
0 0.569531 0.808333 0.023438 0.041667
8 0.569531 0.755556 0.060937 0.036111
3 0.382031 0.293056 0.022656 0.040278
8 0.382031 0.240972 0.060937 0.036111
2 0.273438 0.340278 0.023438 0.041667
8 0.273438 0.287500 0.060937 0.036111
6 0.621094 0.325000 0.020313 0.036111
8 0.621094 0.275000 0.060937 0.036111
0 0.420312 0.812500 0.018750 0.033333
8 0.420312 0.763889 0.060937 0.036111
