1 0.665625 0.666667 0.026562 0.047222
8 0.665625 0.611111 0.060937 0.036111
1 0.711719 0.784722 0.027344 0.048611
8 0.711719 0.728472 0.059375 0.036111
3 0.616406 0.506944 0.018750 0.033333
8 0.616406 0.458333 0.060937 0.036111
2 0.591406 0.325000 0.026562 0.047222
8 0.591406 0.269444 0.059375 0.036111
2 0.324219 0.780556 0.021875 0.038889
8 0.324219 0.729167 0.060937 0.036111
7 0.885156 0.275000 0.027344 0.048611
8 0.885156 0.218750 0.060937 0.036111
2 0.319531 0.545833 0.024219 0.043056
8 0.319531 0.492361 0.060937 0.036111
2 0.871875 0.397222 0.017188 0.030556
8 0.871875 0.350000 0.060937 0.036111
4 0.800781 0.530556 0.019531 0.034722
8 0.800781 0.481250 0.060937 0.036111
1 0.471094 0.451389 0.027344 0.048611
8 0.471094 0.395139 0.060937 0.036111
