3 0.275000 0.256944 0.020313 0.036111
8 0.275000 0.206944 0.060937 0.036111
2 0.310937 0.697222 0.021094 0.037500
8 0.310937 0.646528 0.060937 0.036111
3 0.517188 0.550000 0.015625 0.027778
8 0.517188 0.504167 0.060937 0.036111
4 0.618750 0.883333 0.016406 0.029167
8 0.618750 0.836806 0.060937 0.036111
3 0.600781 0.688889 0.018750 0.033333
8 0.600781 0.737500 0.060937 0.036111
3 0.306250 0.265278 0.017188 0.030556
8 0.306250 0.312500 0.060937 0.036111
0 0.453125 0.168056 0.025000 0.044444
8 0.453125 0.113889 0.060937 0.036111
2 0.163281 0.400000 0.024219 0.043056
8 0.163281 0.346528 0.060937 0.036111
4 0.621875 0.631944 0.027344 0.048611
8 0.621875 0.575694 0.060937 0.036111
1 0.885938 0.455556 0.026562 0.047222
8 0.885938 0.400000 0.060937 0.036111
