2 0.526563 0.730556 0.027344 0.048611
8 0.526563 0.674306 0.060937 0.036111
1 0.259375 0.261111 0.027344 0.048611
8 0.259375 0.204861 0.059375 0.036111
1 0.395313 0.259722 0.025781 0.045833
8 0.395313 0.204861 0.060937 0.036111
3 0.092188 0.788889 0.024219 0.043056
8 0.092188 0.735417 0.060937 0.036111
7 0.798438 0.709722 0.025781 0.045833
8 0.798438 0.654861 0.060937 0.036111
2 0.298438 0.256944 0.019531 0.034722
8 0.344922 0.256944 0.060937 0.036111
0 0.257812 0.475000 0.025000 0.044444
8 0.257812 0.420833 0.060937 0.036111
0 0.754687 0.233333 0.018750 0.033333
8 0.754687 0.184722 0.060937 0.036111
7 0.348438 0.466667 0.021875 0.038889
8 0.348438 0.415278 0.060937 0.036111
2 0.625000 0.237500 0.024219 0.043056
8 0.625000 0.184028 0.060937 0.036111
