3 0.397656 0.293056 0.022656 0.040278
8 0.397656 0.240972 0.060937 0.036111
5 0.287500 0.543056 0.023438 0.041667
8 0.287500 0.490278 0.060937 0.036111
2 0.838281 0.813889 0.021875 0.038889
8 0.838281 0.762500 0.060937 0.036111
3 0.150781 0.384722 0.019531 0.034722
8 0.150781 0.335417 0.060937 0.036111
1 0.550781 0.268056 0.025000 0.044444
8 0.550781 0.213889 0.060937 0.036111
3 0.530469 0.734722 0.027344 0.048611
8 0.530469 0.678472 0.060937 0.036111
7 0.486719 0.344444 0.025000 0.044444
8 0.486719 0.290278 0.060937 0.036111
