0 0.127344 0.465278 0.026562 0.047222
8 0.127344 0.409722 0.060937 0.036111
0 0.286719 0.584722 0.027344 0.048611
8 0.286719 0.528472 0.060937 0.036111
2 0.264844 0.380556 0.017969 0.031944
8 0.264844 0.332639 0.060937 0.036111
5 0.257812 0.681944 0.025781 0.045833
8 0.257812 0.736806 0.060937 0.036111
0 0.125781 0.255556 0.023438 0.041667
8 0.125781 0.202778 0.060937 0.036111
0 0.814844 0.373611 0.021875 0.038889
8 0.814844 0.322222 0.060937 0.036111
7 0.716406 0.308333 0.020313 0.036111
8 0.716406 0.258333 0.060937 0.036111
3 0.643750 0.270833 0.025000 0.044444
8 0.643750 0.216667 0.060937 0.036111
