0 0.206250 0.383333 0.015625 0.027778
8 0.206250 0.337500 0.060937 0.036111
2 0.350000 0.343056 0.026562 0.047222
8 0.350000 0.287500 0.060937 0.036111
7 0.330469 0.604167 0.021094 0.037500
8 0.330469 0.553472 0.060937 0.036111
4 0.401562 0.683333 0.024219 0.043056
8 0.401562 0.629861 0.060937 0.036111
2 0.678125 0.888889 0.021875 0.038889
8 0.678125 0.837500 0.060937 0.036111
3 0.365625 0.452778 0.026562 0.047222
8 0.365625 0.397222 0.060937 0.036111
0 0.304688 0.472222 0.023438 0.041667
8 0.256250 0.472222 0.060937 0.036111
