2 0.214844 0.856944 0.022656 0.040278
8 0.214844 0.804861 0.060937 0.036111
2 0.097656 0.390278 0.021875 0.038889
8 0.097656 0.338889 0.057813 0.036111
4 0.562500 0.820833 0.017188 0.030556
8 0.562500 0.773611 0.060937 0.036111
5 0.782031 0.173611 0.020313 0.036111
8 0.782031 0.123611 0.060937 0.036111
1 0.835938 0.573611 0.023438 0.041667
8 0.835938 0.520833 0.060937 0.036111
1 0.334375 0.886111 0.015625 0.027778
8 0.334375 0.840278 0.060937 0.036111
1 0.174219 0.866667 0.021094 0.037500
8 0.174219 0.917361 0.060937 0.036111
