0 0.569531 0.675000 0.025781 0.045833
8 0.569531 0.620139 0.060937 0.036111
3 0.607812 0.825000 0.025781 0.045833
8 0.607812 0.770139 0.060937 0.036111
1 0.300000 0.656944 0.027344 0.048611
8 0.300000 0.713194 0.059375 0.036111
0 0.797656 0.275000 0.015625 0.027778
8 0.797656 0.229167 0.060937 0.036111
6 0.344531 0.561111 0.022656 0.040278
8 0.344531 0.509028 0.060937 0.036111
7 0.854688 0.377778 0.021094 0.037500
8 0.854688 0.327083 0.060937 0.036111
3 0.133594 0.530556 0.017188 0.030556
8 0.133594 0.577778 0.060937 0.036111
1 0.582031 0.869444 0.018750 0.033333
8 0.582031 0.918056 0.060937 0.036111
3 0.103906 0.455556 0.017188 0.030556
8 0.103906 0.408333 0.060937 0.036111
