7 0.869531 0.851389 0.018750 0.033333
8 0.869531 0.802778 0.060937 0.036111
6 0.733594 0.404167 0.020313 0.036111
8 0.733594 0.354167 0.060937 0.036111
3 0.855469 0.386111 0.024219 0.043056
8 0.855469 0.332639 0.060937 0.036111
2 0.163281 0.206944 0.017969 0.031944
8 0.163281 0.159028 0.060937 0.036111
3 0.567187 0.675000 0.016406 0.029167
8 0.567187 0.628472 0.060937 0.036111
1 0.175000 0.266667 0.022656 0.040278
8 0.175000 0.318750 0.060937 0.036111
3 0.675000 0.283333 0.024219 0.043056
8 0.675000 0.229861 0.060937 0.036111
3 0.735938 0.490278 0.021094 0.037500
8 0.735938 0.540972 0.059375 0.036111
