2 0.646094 0.595833 0.025781 0.045833
8 0.646094 0.540972 0.060937 0.036111
6 0.817969 0.583333 0.016406 0.029167
8 0.817969 0.536806 0.060937 0.036111
3 0.622656 0.745833 0.023438 0.041667
8 0.622656 0.693056 0.060937 0.036111
0 0.535156 0.626389 0.021094 0.037500
8 0.535156 0.575694 0.060937 0.036111
1 0.309375 0.216667 0.025781 0.045833
8 0.309375 0.161806 0.060937 0.036111
6 0.167969 0.456944 0.016406 0.029167
8 0.167969 0.410417 0.060937 0.036111
0 0.390625 0.658333 0.017188 0.030556
8 0.390625 0.705556 0.060937 0.036111
3 0.357031 0.627778 0.021094 0.037500
8 0.357031 0.577083 0.060937 0.036111
2 0.710156 0.677778 0.016406 0.029167
8 0.710156 0.631250 0.060937 0.036111
