4 0.335938 0.561111 0.018750 0.033333
8 0.335938 0.512500 0.060937 0.036111
1 0.650781 0.505556 0.025781 0.045833
8 0.650781 0.450694 0.060937 0.036111
2 0.396875 0.315278 0.022656 0.040278
8 0.396875 0.367361 0.060937 0.036111
2 0.360156 0.280556 0.024219 0.043056
8 0.360156 0.227083 0.060937 0.036111
1 0.871875 0.879167 0.024219 0.043056
8 0.871875 0.825694 0.060937 0.036111
6 0.464844 0.318056 0.019531 0.034722
8 0.464844 0.268750 0.060937 0.036111
1 0.357812 0.876389 0.025000 0.044444
8 0.357812 0.822222 0.060937 0.036111
3 0.082031 0.255556 0.024219 0.043056
8 0.082031 0.202083 0.060937 0.036111
0 0.154688 0.829167 0.025781 0.045833
8 0.154688 0.774306 0.060937 0.036111
1 0.560156 0.884722 0.020313 0.036111
8 0.560156 0.834722 0.059375 0.036111
