4 0.510156 0.716667 0.021094 0.037500
8 0.510156 0.665972 0.059375 0.036111
3 0.830469 0.340278 0.017188 0.030556
8 0.830469 0.293056 0.060937 0.036111
6 0.164844 0.522222 0.018750 0.033333
8 0.164844 0.473611 0.060937 0.036111
2 0.107813 0.375000 0.027344 0.048611
8 0.107813 0.318750 0.060937 0.036111
3 0.544531 0.352778 0.020313 0.036111
8 0.544531 0.302778 0.060937 0.036111
2 0.561719 0.823611 0.017969 0.031944
8 0.561719 0.775694 0.060937 0.036111
0 0.516406 0.430556 0.021094 0.037500
8 0.516406 0.481250 0.059375 0.036111
1 0.800781 0.677778 0.025000 0.044444
8 0.800781 0.623611 0.060937 0.036111
3 0.721094 0.345833 0.025781 0.045833
8 0.721094 0.290972 0.060937 0.036111
