3 0.739062 0.547222 0.015625 0.027778
8 0.739062 0.501389 0.060937 0.036111
3 0.873437 0.309722 0.027344 0.048611
8 0.873437 0.253472 0.060937 0.036111
2 0.288281 0.876389 0.019531 0.034722
8 0.288281 0.827083 0.060937 0.036111
6 0.205469 0.543056 0.016406 0.029167
8 0.205469 0.496528 0.060937 0.036111
2 0.840625 0.577778 0.026562 0.047222
8 0.840625 0.522222 0.060937 0.036111
2 0.131250 0.375000 0.021875 0.038889
8 0.131250 0.323611 0.060937 0.036111
6 0.238281 0.640278 0.016406 0.029167
8 0.238281 0.593750 0.060937 0.036111
