3 0.150781 0.716667 0.022656 0.040278
8 0.150781 0.664583 0.060937 0.036111
5 0.674219 0.226389 0.020313 0.036111
8 0.674219 0.176389 0.060937 0.036111
4 0.205469 0.608333 0.019531 0.034722
8 0.205469 0.559028 0.060937 0.036111
1 0.800000 0.422222 0.021875 0.038889
8 0.800000 0.370833 0.060937 0.036111
1 0.757031 0.802778 0.026562 0.047222
8 0.757031 0.747222 0.060937 0.036111
2 0.768750 0.588889 0.022656 0.040278
8 0.768750 0.536806 0.060937 0.036111
1 0.866406 0.775000 0.018750 0.033333
8 0.866406 0.726389 0.060937 0.036111
3 0.601562 0.413889 0.024219 0.043056
8 0.601562 0.360417 0.060937 0.036111
0 0.175781 0.298611 0.015625 0.027778
8 0.175781 0.252778 0.060937 0.036111
