2 0.432812 0.168056 0.018750 0.033333
8 0.432812 0.119444 0.060937 0.036111
1 0.318750 0.550000 0.023438 0.041667
8 0.318750 0.497222 0.060937 0.036111
2 0.827344 0.626389 0.024219 0.043056
8 0.827344 0.572917 0.060937 0.036111
3 0.507812 0.483333 0.024219 0.043056
8 0.507812 0.429861 0.060937 0.036111
4 0.628906 0.298611 0.025781 0.045833
8 0.628906 0.243750 0.060937 0.036111
4 0.665625 0.865278 0.018750 0.033333
8 0.665625 0.816667 0.060937 0.036111
0 0.432812 0.470833 0.017188 0.030556
8 0.432812 0.423611 0.060937 0.036111
3 0.425000 0.547222 0.025781 0.045833
8 0.425000 0.602083 0.060937 0.036111
2 0.199219 0.602778 0.021875 0.038889
8 0.199219 0.551389 0.060937 0.036111
