3 0.345313 0.823611 0.021094 0.037500
8 0.345313 0.772917 0.060937 0.036111
4 0.289844 0.498611 0.017969 0.031944
8 0.289844 0.450694 0.060937 0.036111
1 0.888281 0.851389 0.017969 0.031944
8 0.888281 0.803472 0.060937 0.036111
0 0.742969 0.556944 0.020313 0.036111
8 0.742969 0.506944 0.060937 0.036111
4 0.910937 0.329167 0.025781 0.045833
8 0.910937 0.274306 0.060937 0.036111
1 0.719531 0.262500 0.020313 0.036111
8 0.719531 0.212500 0.060937 0.036111
2 0.105469 0.466667 0.021875 0.038889
8 0.105469 0.415278 0.060937 0.036111
2 0.908594 0.570833 0.027344 0.048611
8 0.908594 0.514583 0.060937 0.036111
