2 0.743750 0.695833 0.026562 0.047222
8 0.743750 0.751389 0.060937 0.036111
3 0.460938 0.275000 0.017969 0.031944
8 0.460938 0.227083 0.060937 0.036111
1 0.192188 0.654167 0.016406 0.029167
8 0.192188 0.607639 0.060937 0.036111
1 0.649219 0.302778 0.021094 0.037500
8 0.649219 0.252083 0.060937 0.036111
0 0.473438 0.400000 0.021094 0.037500
8 0.473438 0.349306 0.060937 0.036111
0 0.714844 0.659722 0.019531 0.034722
8 0.714844 0.610417 0.060937 0.036111
2 0.152344 0.505556 0.025781 0.045833
8 0.152344 0.450694 0.060937 0.036111
1 0.359375 0.458333 0.021875 0.038889
8 0.359375 0.406944 0.060937 0.036111
6 0.776563 0.491667 0.016406 0.029167
8 0.776563 0.445139 0.060937 0.036111
5 0.119531 0.566667 0.023438 0.041667
8 0.119531 0.619444 0.060937 0.036111
