1 0.238281 0.337500 0.015625 0.027778
8 0.238281 0.291667 0.060937 0.036111
5 0.807031 0.583333 0.023438 0.041667
8 0.807031 0.530556 0.060937 0.036111
3 0.473438 0.444444 0.016406 0.029167
8 0.473438 0.397917 0.060937 0.036111
4 0.257031 0.734722 0.027344 0.048611
8 0.257031 0.678472 0.060937 0.036111
1 0.492188 0.175000 0.024219 0.043056
8 0.492188 0.121528 0.060937 0.036111
1 0.426563 0.590278 0.019531 0.034722
8 0.426563 0.540972 0.060937 0.036111
0 0.814844 0.675000 0.017188 0.030556
8 0.814844 0.722222 0.060937 0.036111
3 0.630469 0.747222 0.026562 0.047222
8 0.630469 0.691667 0.060937 0.036111
0 0.150000 0.783333 0.024219 0.043056
8 0.150000 0.729861 0.060937 0.036111
