4 0.742188 0.886111 0.025781 0.045833
8 0.742188 0.831250 0.059375 0.036111
2 0.453125 0.561111 0.025781 0.045833
8 0.453125 0.506250 0.060937 0.036111
3 0.414062 0.756944 0.017188 0.030556
8 0.414062 0.709722 0.060937 0.036111
2 0.225781 0.429167 0.022656 0.040278
8 0.225781 0.377083 0.060937 0.036111
1 0.311719 0.290278 0.024219 0.043056
8 0.311719 0.236806 0.060937 0.036111
3 0.502344 0.677778 0.015625 0.027778
8 0.502344 0.631944 0.060937 0.036111
4 0.628125 0.612500 0.024219 0.043056
8 0.628125 0.559028 0.060937 0.036111
2 0.282813 0.613889 0.025781 0.045833
8 0.282813 0.559028 0.060937 0.036111
0 0.603125 0.269444 0.019531 0.034722
8 0.603125 0.220139 0.060937 0.036111
