4 0.325781 0.691667 0.016406 0.029167
8 0.325781 0.645139 0.060937 0.036111
6 0.296875 0.525000 0.027344 0.048611
8 0.296875 0.468750 0.060937 0.036111
2 0.887500 0.375000 0.025000 0.044444
8 0.887500 0.320833 0.060937 0.036111
3 0.593750 0.850000 0.025781 0.045833
8 0.593750 0.795139 0.059375 0.036111
2 0.226562 0.444444 0.025781 0.045833
8 0.226562 0.389583 0.060937 0.036111
1 0.144531 0.393056 0.021094 0.037500
8 0.144531 0.342361 0.059375 0.036111
3 0.760938 0.884722 0.017969 0.031944
8 0.760938 0.836806 0.060937 0.036111
