2 0.543750 0.425000 0.021875 0.038889
8 0.543750 0.373611 0.060937 0.036111
3 0.292969 0.402778 0.017188 0.030556
8 0.292969 0.355556 0.060937 0.036111
0 0.796875 0.512500 0.027344 0.048611
8 0.796875 0.456250 0.060937 0.036111
0 0.532813 0.554167 0.027344 0.048611
8 0.532813 0.497917 0.060937 0.036111
0 0.845313 0.768056 0.021875 0.038889
8 0.845313 0.716667 0.060937 0.036111
3 0.581250 0.270833 0.027344 0.048611
8 0.581250 0.214583 0.060937 0.036111
5 0.600000 0.548611 0.024219 0.043056
8 0.600000 0.495139 0.060937 0.036111
1 0.545312 0.301389 0.017969 0.031944
8 0.499609 0.301389 0.060937 0.036111
5 0.256250 0.773611 0.021094 0.037500
8 0.256250 0.722917 0.060937 0.036111
2 0.372656 0.812500 0.026562 0.047222
8 0.372656 0.756944 0.060937 0.036111
