3 0.607031 0.245833 0.026562 0.047222
8 0.607031 0.190278 0.060937 0.036111
7 0.562500 0.411111 0.015625 0.027778
8 0.562500 0.365278 0.060937 0.036111
0 0.250000 0.397222 0.019531 0.034722
8 0.250000 0.347917 0.060937 0.036111
0 0.624219 0.668056 0.018750 0.033333
8 0.624219 0.619444 0.060937 0.036111
2 0.093750 0.611111 0.027344 0.048611
8 0.093750 0.554861 0.060937 0.036111
2 0.741406 0.472222 0.026562 0.047222
8 0.741406 0.416667 0.060937 0.036111
3 0.558594 0.504167 0.018750 0.033333
8 0.558594 0.455556 0.060937 0.036111
2 0.642188 0.295833 0.021094 0.037500
8 0.642188 0.346528 0.060937 0.036111
4 0.446875 0.447222 0.020313 0.036111
8 0.446875 0.397222 0.060937 0.036111
