5 0.091406 0.562500 0.025781 0.045833
8 0.091406 0.507639 0.060937 0.036111
1 0.824219 0.469444 0.025781 0.045833
8 0.824219 0.414583 0.060937 0.036111
1 0.404687 0.725000 0.025000 0.044444
8 0.404687 0.670833 0.060937 0.036111
3 0.451562 0.395833 0.026562 0.047222
8 0.451562 0.340278 0.060937 0.036111
3 0.151562 0.515278 0.024219 0.043056
8 0.151562 0.461806 0.060937 0.036111
7 0.785156 0.279167 0.016406 0.029167
8 0.785156 0.232639 0.060937 0.036111
0 0.373437 0.750000 0.018750 0.033333
8 0.373437 0.798611 0.060937 0.036111
0 0.632031 0.425000 0.023438 0.041667
8 0.632031 0.372222 0.060937 0.036111
2 0.678125 0.729167 0.023438 0.041667
8 0.678125 0.676389 0.060937 0.036111
0 0.307812 0.195833 0.027344 0.048611
8 0.307812 0.139583 0.060937 0.036111
