3 0.078125 0.291667 0.022656 0.040278
8 0.078125 0.239583 0.060937 0.036111
3 0.788281 0.372222 0.015625 0.027778
8 0.788281 0.326389 0.060937 0.036111
0 0.094531 0.168056 0.018750 0.033333
8 0.094531 0.119444 0.060937 0.036111
0 0.148438 0.284722 0.023438 0.041667
8 0.148438 0.231944 0.060937 0.036111
4 0.920312 0.391667 0.016406 0.029167
8 0.920312 0.345139 0.060937 0.036111
5 0.163281 0.498611 0.021094 0.037500
8 0.163281 0.447917 0.060937 0.036111
2 0.818750 0.275000 0.017969 0.031944
8 0.818750 0.227083 0.060937 0.036111
3 0.895312 0.291667 0.020313 0.036111
8 0.895312 0.241667 0.060937 0.036111
3 0.321094 0.462500 0.017969 0.031944
8 0.321094 0.414583 0.060937 0.036111
2 0.259375 0.454167 0.015625 0.027778
8 0.259375 0.500000 0.060937 0.036111
