5 0.857812 0.645833 0.025000 0.044444
8 0.857812 0.591667 0.059375 0.036111
0 0.364844 0.869444 0.015625 0.027778
8 0.364844 0.823611 0.060937 0.036111
1 0.851562 0.804167 0.017969 0.031944
8 0.851562 0.756250 0.060937 0.036111
0 0.612500 0.222222 0.016406 0.029167
8 0.612500 0.175694 0.060937 0.036111
3 0.110937 0.708333 0.019531 0.034722
8 0.110937 0.659028 0.060937 0.036111
5 0.150000 0.173611 0.024219 0.043056
8 0.150000 0.120139 0.060937 0.036111
2 0.657813 0.611111 0.020313 0.036111
8 0.657813 0.561111 0.060937 0.036111
