5 0.724219 0.869444 0.024219 0.043056
8 0.724219 0.815972 0.060937 0.036111
1 0.261719 0.206944 0.024219 0.043056
8 0.261719 0.153472 0.060937 0.036111
3 0.600781 0.258333 0.016406 0.029167
8 0.600781 0.211806 0.060937 0.036111
0 0.774219 0.848611 0.025781 0.045833
8 0.774219 0.903472 0.060937 0.036111
2 0.913281 0.615278 0.017188 0.030556
8 0.913281 0.568056 0.060937 0.036111
2 0.675781 0.372222 0.017188 0.030556
8 0.675781 0.325000 0.060937 0.036111
2 0.239063 0.763889 0.025781 0.045833
8 0.239063 0.709028 0.060937 0.036111
3 0.360156 0.622222 0.027344 0.048611
8 0.360156 0.565972 0.060937 0.036111
7 0.481250 0.797222 0.017969 0.031944
8 0.481250 0.749306 0.060937 0.036111
1 0.683594 0.608333 0.017188 0.030556
8 0.683594 0.561111 0.060937 0.036111
