5 0.669531 0.804167 0.025781 0.045833
8 0.669531 0.749306 0.060937 0.036111
2 0.182031 0.263889 0.023438 0.041667
8 0.182031 0.211111 0.060937 0.036111
2 0.099219 0.544444 0.020313 0.036111
8 0.099219 0.594444 0.060937 0.036111
4 0.657031 0.443056 0.021875 0.038889
8 0.657031 0.391667 0.060937 0.036111
3 0.300000 0.329167 0.025000 0.044444
8 0.300000 0.275000 0.060937 0.036111
2 0.553906 0.251389 0.017188 0.030556
8 0.553906 0.204167 0.060937 0.036111
0 0.124219 0.454167 0.016406 0.029167
8 0.124219 0.407639 0.060937 0.036111
3 0.534375 0.502778 0.027344 0.048611
8 0.534375 0.446528 0.059375 0.036111
