3 0.553906 0.584722 0.018750 0.033333
8 0.553906 0.536111 0.060937 0.036111
0 0.839063 0.788889 0.019531 0.034722
8 0.839063 0.739583 0.060937 0.036111
0 0.485156 0.429167 0.020313 0.036111
8 0.485156 0.379167 0.060937 0.036111
4 0.824219 0.856944 0.026562 0.047222
8 0.824219 0.912500 0.060937 0.036111
7 0.462500 0.506944 0.016406 0.029167
8 0.462500 0.553472 0.060937 0.036111
1 0.751563 0.793056 0.024219 0.043056
8 0.751563 0.739583 0.060937 0.036111
1 0.828906 0.169444 0.021875 0.038889
8 0.828906 0.118056 0.060937 0.036111
