3 0.178125 0.538889 0.016406 0.029167
8 0.178125 0.492361 0.060937 0.036111
1 0.447656 0.597222 0.017969 0.031944
8 0.447656 0.549306 0.060937 0.036111
1 0.837500 0.888889 0.018750 0.033333
8 0.837500 0.840278 0.060937 0.036111
7 0.704688 0.772222 0.019531 0.034722
8 0.704688 0.722917 0.060937 0.036111
0 0.159375 0.415278 0.021094 0.037500
8 0.159375 0.364583 0.060937 0.036111
1 0.367969 0.875000 0.023438 0.041667
8 0.367969 0.822222 0.059375 0.036111
4 0.777344 0.605556 0.015625 0.027778
8 0.777344 0.559722 0.060937 0.036111
