3 0.591406 0.881944 0.021875 0.038889
8 0.591406 0.830556 0.060937 0.036111
5 0.579688 0.606944 0.022656 0.040278
8 0.579688 0.554861 0.060937 0.036111
3 0.775781 0.330556 0.017969 0.031944
8 0.775781 0.282639 0.060937 0.036111
1 0.911719 0.661111 0.015625 0.027778
8 0.911719 0.615278 0.060937 0.036111
2 0.159375 0.375000 0.025000 0.044444
8 0.159375 0.320833 0.060937 0.036111
2 0.439844 0.719444 0.026562 0.047222
8 0.439844 0.663889 0.060937 0.036111
5 0.335156 0.316667 0.017188 0.030556
8 0.335156 0.269444 0.060937 0.036111
