2 0.149219 0.559722 0.017188 0.030556
8 0.149219 0.606944 0.060937 0.036111
1 0.214844 0.669444 0.017188 0.030556
8 0.214844 0.622222 0.060937 0.036111
7 0.087500 0.479167 0.018750 0.033333
8 0.087500 0.430556 0.060937 0.036111
0 0.458594 0.727778 0.016406 0.029167
8 0.458594 0.681250 0.060937 0.036111
7 0.487500 0.586111 0.023438 0.041667
8 0.487500 0.533333 0.060937 0.036111
3 0.732031 0.525000 0.018750 0.033333
8 0.732031 0.476389 0.060937 0.036111
1 0.358594 0.476389 0.027344 0.048611
8 0.358594 0.420139 0.060937 0.036111
0 0.112500 0.490278 0.021875 0.038889
8 0.160156 0.490278 0.060937 0.036111
