4 0.787500 0.581944 0.027344 0.048611
8 0.787500 0.525694 0.060937 0.036111
6 0.473438 0.523611 0.019531 0.034722
8 0.473438 0.474306 0.060937 0.036111
0 0.275781 0.636111 0.019531 0.034722
8 0.275781 0.586806 0.060937 0.036111
2 0.304688 0.437500 0.021875 0.038889
8 0.304688 0.386111 0.060937 0.036111
0 0.478125 0.586111 0.021875 0.038889
8 0.478125 0.637500 0.060937 0.036111
2 0.126562 0.645833 0.025000 0.044444
8 0.126562 0.591667 0.060937 0.036111
1 0.227344 0.743056 0.017188 0.030556
8 0.227344 0.695833 0.060937 0.036111
0 0.444531 0.809722 0.016406 0.029167
8 0.444531 0.763194 0.060937 0.036111
1 0.703125 0.580556 0.015625 0.027778
8 0.703125 0.534722 0.060937 0.036111
3 0.437500 0.394444 0.021875 0.038889
8 0.437500 0.343056 0.060937 0.036111
