3 0.407031 0.176389 0.025000 0.044444
8 0.407031 0.122222 0.060937 0.036111
2 0.730469 0.541667 0.025000 0.044444
8 0.730469 0.487500 0.060937 0.036111
7 0.300000 0.276389 0.017969 0.031944
8 0.300000 0.228472 0.060937 0.036111
3 0.328906 0.840278 0.026562 0.047222
8 0.328906 0.784722 0.060937 0.036111
1 0.532813 0.544444 0.019531 0.034722
8 0.532813 0.495139 0.060937 0.036111
5 0.198437 0.780556 0.021875 0.038889
8 0.198437 0.729167 0.060937 0.036111
3 0.901563 0.331944 0.017188 0.030556
8 0.901563 0.284722 0.060937 0.036111
