3 0.800000 0.212500 0.020313 0.036111
8 0.800000 0.162500 0.060937 0.036111
1 0.428906 0.737500 0.017969 0.031944
8 0.428906 0.785417 0.060937 0.036111
3 0.289062 0.776389 0.021094 0.037500
8 0.289062 0.827083 0.059375 0.036111
4 0.525781 0.538889 0.019531 0.034722
8 0.525781 0.489583 0.060937 0.036111
3 0.185156 0.654167 0.027344 0.048611
8 0.185156 0.597917 0.060937 0.036111
1 0.864844 0.186111 0.018750 0.033333
8 0.864844 0.234722 0.060937 0.036111
2 0.466406 0.641667 0.022656 0.040278
8 0.466406 0.589583 0.060937 0.036111
1 0.673438 0.833333 0.016406 0.029167
8 0.673438 0.786806 0.060937 0.036111
4 0.263281 0.691667 0.022656 0.040278
8 0.263281 0.639583 0.060937 0.036111
