1 0.762500 0.225000 0.021094 0.037500
8 0.762500 0.174306 0.060937 0.036111
0 0.614062 0.773611 0.024219 0.043056
8 0.614062 0.720139 0.060937 0.036111
0 0.213281 0.688889 0.024219 0.043056
8 0.213281 0.635417 0.060937 0.036111
3 0.081250 0.700000 0.017188 0.030556
8 0.081250 0.652778 0.060937 0.036111
5 0.767969 0.745833 0.021875 0.038889
8 0.767969 0.694444 0.060937 0.036111
3 0.441406 0.695833 0.027344 0.048611
8 0.441406 0.639583 0.060937 0.036111
0 0.576562 0.600000 0.027344 0.048611
8 0.576562 0.543750 0.060937 0.036111
5 0.699219 0.772222 0.027344 0.048611
8 0.699219 0.715972 0.060937 0.036111
