4 0.692187 0.213889 0.017969 0.031944
8 0.692187 0.165972 0.060937 0.036111
6 0.085938 0.273611 0.027344 0.048611
8 0.085938 0.217361 0.060937 0.036111
2 0.306250 0.502778 0.018750 0.033333
8 0.306250 0.454167 0.060937 0.036111
0 0.806250 0.865278 0.025000 0.044444
8 0.806250 0.811111 0.060937 0.036111
0 0.761719 0.283333 0.026562 0.047222
8 0.761719 0.227778 0.060937 0.036111
0 0.902344 0.619444 0.018750 0.033333
8 0.902344 0.570833 0.060937 0.036111
3 0.675000 0.523611 0.025781 0.045833
8 0.675000 0.468750 0.060937 0.036111
