0 0.699219 0.473611 0.016406 0.029167
8 0.699219 0.427083 0.060937 0.036111
1 0.860156 0.712500 0.023438 0.041667
8 0.860156 0.659722 0.060937 0.036111
5 0.189062 0.454167 0.023438 0.041667
8 0.189062 0.401389 0.060937 0.036111
2 0.211719 0.813889 0.020313 0.036111
8 0.211719 0.763889 0.060937 0.036111
3 0.660156 0.875000 0.025000 0.044444
8 0.660156 0.820833 0.060937 0.036111
2 0.347656 0.190278 0.022656 0.040278
8 0.347656 0.138194 0.060937 0.036111
4 0.804688 0.727778 0.015625 0.027778
8 0.804688 0.773611 0.060937 0.036111
1 0.366406 0.558333 0.023438 0.041667
8 0.366406 0.505556 0.060937 0.036111
3 0.565625 0.675000 0.025000 0.044444
8 0.565625 0.620833 0.060937 0.036111
2 0.108594 0.847222 0.022656 0.040278
8 0.108594 0.795139 0.060937 0.036111
