0 0.325781 0.643056 0.026562 0.047222
8 0.325781 0.587500 0.060937 0.036111
0 0.832031 0.872222 0.017969 0.031944
8 0.832031 0.824306 0.060937 0.036111
0 0.110156 0.345833 0.027344 0.048611
8 0.110156 0.289583 0.060937 0.036111
2 0.086719 0.590278 0.025781 0.045833
8 0.086719 0.535417 0.060937 0.036111
6 0.260156 0.818056 0.020313 0.036111
8 0.260156 0.768056 0.059375 0.036111
0 0.588281 0.702778 0.019531 0.034722
8 0.588281 0.653472 0.060937 0.036111
7 0.713281 0.197222 0.022656 0.040278
8 0.713281 0.145139 0.060937 0.036111
