3 0.207031 0.738889 0.025000 0.044444
8 0.207031 0.684722 0.060937 0.036111
5 0.799219 0.783333 0.017969 0.031944
8 0.799219 0.735417 0.060937 0.036111
0 0.254688 0.331944 0.027344 0.048611
8 0.254688 0.275694 0.060937 0.036111
1 0.827344 0.527778 0.021875 0.038889
8 0.827344 0.476389 0.057813 0.036111
1 0.629687 0.836111 0.026562 0.047222
8 0.629687 0.780556 0.060937 0.036111
3 0.709375 0.563889 0.020313 0.036111
8 0.709375 0.513889 0.059375 0.036111
3 0.377344 0.837500 0.018750 0.033333
8 0.377344 0.788889 0.060937 0.036111
3 0.084375 0.409722 0.019531 0.034722
8 0.084375 0.360417 0.060937 0.036111
6 0.738281 0.305556 0.025000 0.044444
8 0.738281 0.251389 0.060937 0.036111
