6 0.240625 0.513889 0.026562 0.047222
8 0.240625 0.458333 0.060937 0.036111
3 0.320312 0.281944 0.019531 0.034722
8 0.320312 0.232639 0.060937 0.036111
3 0.845313 0.829167 0.017188 0.030556
8 0.845313 0.781944 0.060937 0.036111
2 0.536719 0.547222 0.020313 0.036111
8 0.536719 0.497222 0.060937 0.036111
7 0.825781 0.629167 0.025781 0.045833
8 0.825781 0.574306 0.060937 0.036111
1 0.909375 0.380556 0.026562 0.047222
8 0.909375 0.325000 0.060937 0.036111
0 0.747656 0.729167 0.021094 0.037500
8 0.747656 0.678472 0.059375 0.036111
