0 0.853125 0.800000 0.025781 0.045833
8 0.853125 0.745139 0.060937 0.036111
5 0.559375 0.694444 0.017188 0.030556
8 0.559375 0.647222 0.060937 0.036111
7 0.352344 0.511111 0.017969 0.031944
8 0.352344 0.463194 0.060937 0.036111
0 0.905469 0.250000 0.020313 0.036111
8 0.905469 0.200000 0.060937 0.036111
0 0.178906 0.830556 0.019531 0.034722
8 0.178906 0.781250 0.060937 0.036111
1 0.507031 0.694444 0.017969 0.031944
8 0.507031 0.742361 0.060937 0.036111
0 0.078906 0.462500 0.018750 0.033333
8 0.078906 0.413889 0.060937 0.036111
2 0.376563 0.886111 0.026562 0.047222
8 0.376563 0.830556 0.060937 0.036111
2 0.815625 0.686111 0.026562 0.047222
8 0.766406 0.686111 0.059375 0.036111
1 0.838281 0.615278 0.022656 0.040278
8 0.838281 0.563194 0.060937 0.036111
