2 0.417187 0.744444 0.021094 0.037500
8 0.417187 0.693750 0.060937 0.036111
1 0.546875 0.294444 0.022656 0.040278
8 0.546875 0.242361 0.060937 0.036111
1 0.629687 0.779167 0.019531 0.034722
8 0.629687 0.729861 0.060937 0.036111
5 0.308594 0.334722 0.027344 0.048611
8 0.308594 0.278472 0.060937 0.036111
2 0.375781 0.805556 0.016406 0.029167
8 0.375781 0.852083 0.060937 0.036111
2 0.147656 0.797222 0.016406 0.029167
8 0.147656 0.750694 0.060937 0.036111
7 0.759375 0.761111 0.021094 0.037500
8 0.759375 0.710417 0.060937 0.036111
3 0.861719 0.452778 0.017188 0.030556
8 0.861719 0.405556 0.060937 0.036111
2 0.113281 0.183333 0.023438 0.041667
8 0.113281 0.130556 0.060937 0.036111
