3 0.705469 0.313889 0.018750 0.033333
8 0.705469 0.362500 0.060937 0.036111
3 0.690625 0.609722 0.017188 0.030556
8 0.690625 0.562500 0.059375 0.036111
1 0.500000 0.443056 0.016406 0.029167
8 0.500000 0.396528 0.060937 0.036111
0 0.607031 0.684722 0.017969 0.031944
8 0.607031 0.636806 0.060937 0.036111
3 0.817187 0.779167 0.025781 0.045833
8 0.817187 0.724306 0.060937 0.036111
4 0.551562 0.468056 0.024219 0.043056
8 0.551562 0.521528 0.059375 0.036111
0 0.676562 0.280556 0.015625 0.027778
8 0.676562 0.234722 0.060937 0.036111
4 0.240625 0.583333 0.018750 0.033333
8 0.240625 0.534722 0.060937 0.036111
0 0.578125 0.747222 0.017188 0.030556
8 0.578125 0.794444 0.060937 0.036111
