3 0.407813 0.468056 0.023438 0.041667
8 0.407813 0.415278 0.060937 0.036111
7 0.802344 0.625000 0.019531 0.034722
8 0.802344 0.575694 0.060937 0.036111
2 0.583594 0.361111 0.019531 0.034722
8 0.583594 0.311806 0.060937 0.036111
2 0.844531 0.630556 0.017969 0.031944
8 0.844531 0.678472 0.060937 0.036111
3 0.701562 0.613889 0.018750 0.033333
8 0.701562 0.565278 0.060937 0.036111
7 0.603906 0.719444 0.016406 0.029167
8 0.603906 0.672917 0.060937 0.036111
1 0.436719 0.251389 0.025000 0.044444
8 0.436719 0.197222 0.060937 0.036111
0 0.539844 0.677778 0.015625 0.027778
8 0.539844 0.723611 0.060937 0.036111
2 0.303125 0.293056 0.017188 0.030556
8 0.303125 0.245833 0.060937 0.036111
