1 0.237500 0.458333 0.016406 0.029167
8 0.237500 0.504861 0.060937 0.036111
0 0.744531 0.470833 0.026562 0.047222
8 0.744531 0.415278 0.060937 0.036111
2 0.659375 0.869444 0.023438 0.041667
8 0.659375 0.816667 0.060937 0.036111
3 0.783594 0.295833 0.024219 0.043056
8 0.783594 0.242361 0.060937 0.036111
5 0.529687 0.443056 0.020313 0.036111
8 0.529687 0.393056 0.059375 0.036111
0 0.239063 0.337500 0.024219 0.043056
8 0.239063 0.284028 0.060937 0.036111
7 0.659375 0.736111 0.025781 0.045833
8 0.659375 0.681250 0.060937 0.036111
1 0.415625 0.866667 0.015625 0.027778
8 0.415625 0.820833 0.060937 0.036111
2 0.193750 0.412500 0.017188 0.030556
8 0.148438 0.412500 0.060937 0.036111
