1 0.303906 0.195833 0.017969 0.031944
8 0.303906 0.147917 0.060937 0.036111
2 0.328125 0.493056 0.016406 0.029167
8 0.328125 0.446528 0.060937 0.036111
6 0.358594 0.287500 0.023438 0.041667
8 0.358594 0.234722 0.060937 0.036111
2 0.884375 0.677778 0.018750 0.033333
8 0.884375 0.629167 0.060937 0.036111
0 0.178125 0.679167 0.017188 0.030556
8 0.178125 0.631944 0.060937 0.036111
4 0.594531 0.665278 0.018750 0.033333
8 0.594531 0.616667 0.060937 0.036111
2 0.663281 0.770833 0.025781 0.045833
8 0.663281 0.715972 0.060937 0.036111
2 0.126562 0.548611 0.017969 0.031944
8 0.126562 0.500694 0.060937 0.036111
