2 0.101562 0.495833 0.021875 0.038889
8 0.101562 0.444444 0.060937 0.036111
1 0.400000 0.597222 0.021094 0.037500
8 0.400000 0.546528 0.060937 0.036111
2 0.413281 0.837500 0.016406 0.029167
8 0.413281 0.790972 0.060937 0.036111
5 0.450781 0.327778 0.018750 0.033333
8 0.450781 0.279167 0.060937 0.036111
2 0.101562 0.838889 0.023438 0.041667
8 0.101562 0.786111 0.060937 0.036111
1 0.646094 0.272222 0.025781 0.045833
8 0.646094 0.217361 0.060937 0.036111
2 0.874219 0.245833 0.017969 0.031944
8 0.874219 0.197917 0.060937 0.036111
1 0.463281 0.408333 0.016406 0.029167
8 0.463281 0.454861 0.060937 0.036111
3 0.645312 0.440278 0.020313 0.036111
8 0.645312 0.390278 0.060937 0.036111
4 0.325781 0.395833 0.021094 0.037500
8 0.325781 0.345139 0.060937 0.036111
