3 0.093750 0.588889 0.025781 0.045833
8 0.093750 0.534028 0.060937 0.036111
3 0.700000 0.426389 0.019531 0.034722
8 0.700000 0.377083 0.060937 0.036111
0 0.361719 0.751389 0.015625 0.027778
8 0.361719 0.705556 0.060937 0.036111
6 0.213281 0.218056 0.017188 0.030556
8 0.213281 0.170833 0.060937 0.036111
1 0.432812 0.358333 0.021875 0.038889
8 0.432812 0.306944 0.060937 0.036111
7 0.725000 0.765278 0.018750 0.033333
8 0.725000 0.716667 0.060937 0.036111
2 0.721094 0.263889 0.021875 0.038889
8 0.721094 0.212500 0.060937 0.036111
3 0.489063 0.513889 0.018750 0.033333
8 0.489063 0.465278 0.060937 0.036111
1 0.385156 0.366667 0.021094 0.037500
8 0.385156 0.417361 0.059375 0.036111
