1 0.850781 0.315278 0.017969 0.031944
8 0.850781 0.267361 0.060937 0.036111
3 0.346875 0.766667 0.018750 0.033333
8 0.346875 0.718056 0.060937 0.036111
7 0.697656 0.561111 0.017188 0.030556
8 0.697656 0.513889 0.060937 0.036111
2 0.750781 0.513889 0.025781 0.045833
8 0.750781 0.459028 0.060937 0.036111
2 0.314844 0.358333 0.016406 0.029167
8 0.314844 0.311806 0.060937 0.036111
0 0.788281 0.573611 0.017188 0.030556
8 0.788281 0.620833 0.060937 0.036111
5 0.289844 0.368056 0.016406 0.029167
8 0.289844 0.414583 0.060937 0.036111
