2 0.292187 0.333333 0.017969 0.031944
8 0.292187 0.285417 0.060937 0.036111
1 0.303125 0.456944 0.027344 0.048611
8 0.303125 0.400694 0.060937 0.036111
7 0.327344 0.569444 0.025000 0.044444
8 0.327344 0.515278 0.060937 0.036111
4 0.109375 0.601389 0.019531 0.034722
8 0.109375 0.552083 0.060937 0.036111
0 0.149219 0.620833 0.025000 0.044444
8 0.149219 0.675000 0.060937 0.036111
3 0.689063 0.258333 0.026562 0.047222
8 0.689063 0.313889 0.060937 0.036111
2 0.658594 0.169444 0.015625 0.027778
8 0.658594 0.123611 0.060937 0.036111
2 0.472656 0.320833 0.016406 0.029167
8 0.472656 0.274306 0.060937 0.036111
