3 0.083594 0.805556 0.021875 0.038889
8 0.083594 0.754167 0.060937 0.036111
4 0.533594 0.434722 0.024219 0.043056
8 0.533594 0.381250 0.060937 0.036111
6 0.715625 0.779167 0.018750 0.033333
8 0.715625 0.730556 0.057813 0.036111
2 0.880469 0.618056 0.024219 0.043056
8 0.880469 0.564583 0.060937 0.036111
2 0.361719 0.736111 0.025781 0.045833
8 0.361719 0.681250 0.060937 0.036111
2 0.699219 0.613889 0.023438 0.041667
8 0.699219 0.561111 0.060937 0.036111
1 0.739844 0.179167 0.020313 0.036111
8 0.739844 0.129167 0.059375 0.036111
3 0.851562 0.744444 0.016406 0.029167
8 0.851562 0.697917 0.060937 0.036111
3 0.294531 0.240278 0.027344 0.048611
8 0.294531 0.184028 0.060937 0.036111
3 0.314844 0.272222 0.015625 0.027778
8 0.314844 0.318056 0.060937 0.036111
