1 0.613281 0.225000 0.015625 0.027778
8 0.613281 0.179167 0.060937 0.036111
0 0.216406 0.269444 0.017969 0.031944
8 0.216406 0.221528 0.060937 0.036111
0 0.410156 0.319444 0.023438 0.041667
8 0.410156 0.266667 0.060937 0.036111
5 0.840625 0.758333 0.016406 0.029167
8 0.840625 0.711806 0.060937 0.036111
7 0.912500 0.752778 0.020313 0.036111
8 0.912500 0.702778 0.060937 0.036111
3 0.792969 0.762500 0.020313 0.036111
8 0.792969 0.812500 0.060937 0.036111
1 0.713281 0.556944 0.023438 0.041667
8 0.713281 0.504167 0.060937 0.036111
1 0.859375 0.180556 0.021094 0.037500
8 0.859375 0.129861 0.060937 0.036111
2 0.565625 0.437500 0.020313 0.036111
8 0.565625 0.387500 0.060937 0.036111
