3 0.652344 0.311111 0.018750 0.033333
8 0.652344 0.262500 0.060937 0.036111
1 0.250000 0.369444 0.017969 0.031944
8 0.250000 0.321528 0.060937 0.036111
2 0.503906 0.406944 0.023438 0.041667
8 0.503906 0.459722 0.060937 0.036111
0 0.206250 0.266667 0.023438 0.041667
8 0.206250 0.213889 0.060937 0.036111
3 0.505469 0.330556 0.019531 0.034722
8 0.505469 0.281250 0.060937 0.036111
6 0.175781 0.466667 0.015625 0.027778
8 0.175781 0.420833 0.060937 0.036111
6 0.510938 0.737500 0.021875 0.038889
8 0.510938 0.686111 0.060937 0.036111
