6 0.271094 0.863889 0.018750 0.033333
8 0.271094 0.815278 0.060937 0.036111
7 0.759375 0.716667 0.017969 0.031944
8 0.759375 0.668750 0.060937 0.036111
0 0.513281 0.229167 0.015625 0.027778
8 0.513281 0.183333 0.060937 0.036111
3 0.582812 0.245833 0.023438 0.041667
8 0.582812 0.193056 0.060937 0.036111
3 0.847656 0.756944 0.017969 0.031944
8 0.847656 0.709028 0.060937 0.036111
1 0.420312 0.523611 0.019531 0.034722
8 0.420312 0.474306 0.060937 0.036111
0 0.405469 0.345833 0.024219 0.043056
8 0.405469 0.292361 0.060937 0.036111
0 0.356250 0.529167 0.021094 0.037500
8 0.356250 0.579861 0.060937 0.036111
