1 0.378906 0.620833 0.021875 0.038889
8 0.378906 0.569444 0.060937 0.036111
2 0.446094 0.533333 0.020313 0.036111
8 0.446094 0.483333 0.060937 0.036111
1 0.633594 0.276389 0.027344 0.048611
8 0.633594 0.332639 0.060937 0.036111
0 0.607031 0.201389 0.020313 0.036111
8 0.607031 0.151389 0.060937 0.036111
2 0.758594 0.201389 0.024219 0.043056
8 0.758594 0.147917 0.060937 0.036111
7 0.428906 0.351389 0.026562 0.047222
8 0.428906 0.295833 0.060937 0.036111
6 0.337500 0.194444 0.027344 0.048611
8 0.337500 0.138194 0.060937 0.036111
2 0.540625 0.501389 0.015625 0.027778
8 0.540625 0.455556 0.060937 0.036111
