0 0.282813 0.597222 0.027344 0.048611
8 0.282813 0.540972 0.060937 0.036111
0 0.213281 0.383333 0.017969 0.031944
8 0.213281 0.335417 0.060937 0.036111
0 0.791406 0.723611 0.025781 0.045833
8 0.791406 0.668750 0.060937 0.036111
6 0.134375 0.730556 0.017188 0.030556
8 0.134375 0.683333 0.060937 0.036111
1 0.511719 0.237500 0.015625 0.027778
8 0.511719 0.191667 0.060937 0.036111
7 0.141406 0.291667 0.015625 0.027778
8 0.141406 0.245833 0.060937 0.036111
2 0.460938 0.494444 0.022656 0.040278
8 0.460938 0.442361 0.060937 0.036111
0 0.822656 0.411111 0.026562 0.047222
8 0.822656 0.355556 0.060937 0.036111
0 0.692187 0.476389 0.027344 0.048611
8 0.692187 0.420139 0.060937 0.036111
2 0.650781 0.229167 0.018750 0.033333
8 0.650781 0.180556 0.060937 0.036111
