0 0.168750 0.541667 0.016406 0.029167
8 0.168750 0.495139 0.059375 0.036111
0 0.528906 0.838889 0.016406 0.029167
8 0.528906 0.792361 0.060937 0.036111
4 0.755469 0.625000 0.022656 0.040278
8 0.755469 0.572917 0.060937 0.036111
0 0.592969 0.480556 0.027344 0.048611
8 0.592969 0.424306 0.060937 0.036111
7 0.885938 0.684722 0.015625 0.027778
8 0.885938 0.638889 0.060937 0.036111
3 0.432812 0.788889 0.016406 0.029167
8 0.432812 0.742361 0.060937 0.036111
2 0.244531 0.513889 0.024219 0.043056
8 0.244531 0.460417 0.059375 0.036111
