3 0.727344 0.340278 0.021875 0.038889
8 0.727344 0.391667 0.060937 0.036111
3 0.295312 0.654167 0.017188 0.030556
8 0.295312 0.606944 0.060937 0.036111
5 0.687500 0.302778 0.022656 0.040278
8 0.687500 0.250694 0.060937 0.036111
2 0.822656 0.231944 0.023438 0.041667
8 0.822656 0.179167 0.060937 0.036111
1 0.626563 0.429167 0.021094 0.037500
8 0.626563 0.378472 0.060937 0.036111
7 0.248438 0.622222 0.018750 0.033333
8 0.248438 0.670833 0.060937 0.036111
1 0.582031 0.481944 0.019531 0.034722
8 0.582031 0.531250 0.060937 0.036111
1 0.210938 0.312500 0.027344 0.048611
8 0.210938 0.256250 0.060937 0.036111
0 0.773438 0.468056 0.020313 0.036111
8 0.773438 0.518056 0.060937 0.036111
