1 0.344531 0.727778 0.017969 0.031944
8 0.344531 0.679861 0.059375 0.036111
3 0.792188 0.476389 0.025000 0.044444
8 0.792188 0.422222 0.060937 0.036111
0 0.617188 0.601389 0.017188 0.030556
8 0.617188 0.554167 0.060937 0.036111
2 0.600781 0.406944 0.025781 0.045833
8 0.600781 0.352083 0.060937 0.036111
1 0.453125 0.847222 0.024219 0.043056
8 0.453125 0.793750 0.060937 0.036111
4 0.746094 0.791667 0.022656 0.040278
8 0.746094 0.739583 0.060937 0.036111
3 0.210156 0.862500 0.016406 0.029167
8 0.210156 0.815972 0.060937 0.036111
1 0.328906 0.811111 0.025781 0.045833
8 0.328906 0.865972 0.060937 0.036111
7 0.561719 0.427778 0.017188 0.030556
8 0.561719 0.475000 0.060937 0.036111
