2 0.548438 0.606944 0.021875 0.038889
8 0.548438 0.555556 0.060937 0.036111
0 0.804688 0.520833 0.020313 0.036111
8 0.804688 0.470833 0.059375 0.036111
0 0.647656 0.587500 0.025000 0.044444
8 0.647656 0.533333 0.060937 0.036111
1 0.360156 0.356944 0.017188 0.030556
8 0.360156 0.309722 0.060937 0.036111
3 0.523438 0.700000 0.015625 0.027778
8 0.523438 0.745833 0.060937 0.036111
7 0.217188 0.675000 0.017969 0.031944
8 0.217188 0.627083 0.060937 0.036111
1 0.699219 0.363889 0.025000 0.044444
8 0.699219 0.309722 0.060937 0.036111
1 0.296875 0.280556 0.016406 0.029167
8 0.296875 0.234028 0.060937 0.036111
6 0.557031 0.837500 0.027344 0.048611
8 0.557031 0.893750 0.060937 0.036111
