1 0.474219 0.526389 0.026562 0.047222
8 0.474219 0.470833 0.060937 0.036111
1 0.128906 0.422222 0.026562 0.047222
8 0.128906 0.366667 0.060937 0.036111
0 0.915625 0.401389 0.022656 0.040278
8 0.915625 0.349306 0.060937 0.036111
5 0.664844 0.673611 0.027344 0.048611
8 0.664844 0.617361 0.060937 0.036111
3 0.405469 0.752778 0.016406 0.029167
8 0.405469 0.706250 0.060937 0.036111
2 0.778906 0.376389 0.022656 0.040278
8 0.778906 0.324306 0.060937 0.036111
2 0.699219 0.684722 0.023438 0.041667
8 0.699219 0.737500 0.060937 0.036111
4 0.170313 0.175000 0.025000 0.044444
8 0.170313 0.120833 0.060937 0.036111
0 0.336719 0.851389 0.022656 0.040278
8 0.336719 0.799306 0.060937 0.036111
2 0.288281 0.598611 0.020313 0.036111
8 0.288281 0.548611 0.060937 0.036111
