3 0.726562 0.577778 0.027344 0.048611
8 0.726562 0.521528 0.059375 0.036111
2 0.875781 0.262500 0.023438 0.041667
8 0.875781 0.209722 0.060937 0.036111
5 0.575781 0.688889 0.025000 0.044444
8 0.575781 0.634722 0.060937 0.036111
3 0.564844 0.868056 0.021875 0.038889
8 0.564844 0.816667 0.060937 0.036111
1 0.318750 0.716667 0.019531 0.034722
8 0.318750 0.667361 0.060937 0.036111
0 0.803125 0.320833 0.017969 0.031944
8 0.803125 0.272917 0.060937 0.036111
7 0.165625 0.659722 0.026562 0.047222
8 0.165625 0.715278 0.060937 0.036111
2 0.163281 0.580556 0.018750 0.033333
8 0.163281 0.531944 0.060937 0.036111
0 0.105469 0.220833 0.023438 0.041667
8 0.105469 0.168056 0.060937 0.036111
0 0.909375 0.744444 0.019531 0.034722
8 0.909375 0.695139 0.060937 0.036111
