2 0.262500 0.540278 0.018750 0.033333
8 0.262500 0.491667 0.060937 0.036111
1 0.874219 0.313889 0.015625 0.027778
8 0.874219 0.268056 0.060937 0.036111
0 0.640625 0.845833 0.025781 0.045833
8 0.640625 0.790972 0.060937 0.036111
3 0.892188 0.802778 0.025000 0.044444
8 0.892188 0.748611 0.060937 0.036111
1 0.180469 0.737500 0.017969 0.031944
8 0.180469 0.689583 0.060937 0.036111
4 0.200000 0.534722 0.020313 0.036111
8 0.200000 0.584722 0.060937 0.036111
2 0.724219 0.273611 0.026562 0.047222
8 0.724219 0.218056 0.060937 0.036111
2 0.303906 0.851389 0.017969 0.031944
8 0.303906 0.803472 0.060937 0.036111
7 0.139844 0.805556 0.022656 0.040278
8 0.139844 0.857639 0.059375 0.036111
