6 0.890625 0.587500 0.022656 0.040278
8 0.890625 0.535417 0.060937 0.036111
3 0.811719 0.702778 0.022656 0.040278
8 0.811719 0.650694 0.060937 0.036111
1 0.878125 0.191667 0.018750 0.033333
8 0.878125 0.143056 0.060937 0.036111
6 0.873437 0.845833 0.020313 0.036111
8 0.873437 0.795833 0.060937 0.036111
3 0.431250 0.818056 0.026562 0.047222
8 0.431250 0.762500 0.060937 0.036111
1 0.892188 0.320833 0.017969 0.031944
8 0.892188 0.272917 0.060937 0.036111
2 0.775000 0.719444 0.024219 0.043056
8 0.775000 0.772917 0.060937 0.036111
2 0.275000 0.490278 0.016406 0.029167
8 0.275000 0.443750 0.060937 0.036111
