1 0.559375 0.870833 0.018750 0.033333
8 0.559375 0.822222 0.060937 0.036111
0 0.364844 0.851389 0.017969 0.031944
8 0.364844 0.803472 0.060937 0.036111
2 0.200781 0.591667 0.022656 0.040278
8 0.200781 0.539583 0.060937 0.036111
0 0.523438 0.579167 0.021094 0.037500
8 0.523438 0.528472 0.060937 0.036111
6 0.483594 0.641667 0.022656 0.040278
8 0.483594 0.693750 0.060937 0.036111
2 0.276562 0.309722 0.025000 0.044444
8 0.276562 0.255556 0.060937 0.036111
3 0.750000 0.786111 0.027344 0.048611
8 0.750000 0.729861 0.059375 0.036111
5 0.641406 0.644444 0.024219 0.043056
8 0.641406 0.590972 0.060937 0.036111
3 0.858594 0.743056 0.017969 0.031944
8 0.858594 0.695139 0.060937 0.036111
