2 0.807031 0.786111 0.024219 0.043056
8 0.807031 0.732639 0.060937 0.036111
3 0.899219 0.169444 0.020313 0.036111
8 0.899219 0.119444 0.060937 0.036111
4 0.763281 0.451389 0.019531 0.034722
8 0.763281 0.402083 0.060937 0.036111
0 0.825000 0.534722 0.018750 0.033333
8 0.825000 0.486111 0.060937 0.036111
1 0.122656 0.331944 0.017188 0.030556
8 0.122656 0.284722 0.060937 0.036111
4 0.334375 0.205556 0.015625 0.027778
8 0.334375 0.159722 0.060937 0.036111
0 0.241406 0.866667 0.020313 0.036111
8 0.241406 0.816667 0.060937 0.036111
1 0.158594 0.648611 0.026562 0.047222
8 0.158594 0.593056 0.060937 0.036111
2 0.408594 0.713889 0.018750 0.033333
8 0.408594 0.665278 0.060937 0.036111
2 0.208594 0.237500 0.025000 0.044444
8 0.208594 0.183333 0.060937 0.036111
