1 0.676562 0.625000 0.027344 0.048611
8 0.676562 0.568750 0.060937 0.036111
4 0.432812 0.376389 0.017969 0.031944
8 0.432812 0.328472 0.060937 0.036111
3 0.900781 0.822222 0.016406 0.029167
8 0.900781 0.775694 0.060937 0.036111
3 0.559375 0.772222 0.017969 0.031944
8 0.559375 0.724306 0.060937 0.036111
3 0.120313 0.386111 0.018750 0.033333
8 0.120313 0.337500 0.060937 0.036111
1 0.192188 0.223611 0.022656 0.040278
8 0.192188 0.171528 0.060937 0.036111
0 0.228906 0.625000 0.024219 0.043056
8 0.228906 0.571528 0.060937 0.036111
0 0.249219 0.322222 0.017188 0.030556
8 0.249219 0.275000 0.060937 0.036111
5 0.278906 0.801389 0.020313 0.036111
8 0.278906 0.751389 0.060937 0.036111
2 0.124219 0.502778 0.017188 0.030556
8 0.124219 0.455556 0.060937 0.036111
