2 0.295312 0.793056 0.024219 0.043056
8 0.295312 0.739583 0.060937 0.036111
0 0.742188 0.700000 0.017969 0.031944
8 0.742188 0.652083 0.060937 0.036111
2 0.427344 0.251389 0.015625 0.027778
8 0.427344 0.205556 0.060937 0.036111
1 0.271094 0.845833 0.027344 0.048611
8 0.271094 0.902083 0.060937 0.036111
1 0.210156 0.166667 0.017188 0.030556
8 0.210156 0.119444 0.060937 0.036111
2 0.686719 0.866667 0.016406 0.029167
8 0.686719 0.820139 0.060937 0.036111
4 0.181250 0.795833 0.021094 0.037500
8 0.181250 0.745139 0.060937 0.036111
5 0.907813 0.708333 0.027344 0.048611
8 0.907813 0.652083 0.060937 0.036111
