7 0.361719 0.437500 0.017188 0.030556
8 0.361719 0.390278 0.060937 0.036111
6 0.732031 0.209722 0.027344 0.048611
8 0.732031 0.153472 0.060937 0.036111
3 0.621875 0.172222 0.026562 0.047222
8 0.621875 0.116667 0.060937 0.036111
3 0.870313 0.434722 0.017188 0.030556
8 0.870313 0.387500 0.060937 0.036111
0 0.645312 0.876389 0.020313 0.036111
8 0.645312 0.826389 0.060937 0.036111
0 0.692969 0.297222 0.021094 0.037500
8 0.692969 0.347917 0.059375 0.036111
2 0.591406 0.673611 0.025000 0.044444
8 0.591406 0.619444 0.060937 0.036111
2 0.510938 0.575000 0.027344 0.048611
8 0.510938 0.518750 0.060937 0.036111
