1 0.474219 0.822222 0.027344 0.048611
8 0.474219 0.765972 0.060937 0.036111
1 0.223438 0.819444 0.025000 0.044444
8 0.223438 0.765278 0.060937 0.036111
0 0.171094 0.491667 0.016406 0.029167
8 0.171094 0.445139 0.060937 0.036111
0 0.171875 0.880556 0.024219 0.043056
8 0.171875 0.827083 0.060937 0.036111
2 0.691406 0.281944 0.027344 0.048611
8 0.691406 0.225694 0.060937 0.036111
4 0.235156 0.384722 0.025000 0.044444
8 0.235156 0.330556 0.060937 0.036111
0 0.757031 0.776389 0.016406 0.029167
8 0.757031 0.729861 0.060937 0.036111
1 0.437500 0.291667 0.021875 0.038889
8 0.437500 0.343056 0.060937 0.036111
5 0.468750 0.277778 0.021094 0.037500
8 0.468750 0.227083 0.060937 0.036111
1 0.505469 0.831944 0.019531 0.034722
8 0.505469 0.881250 0.060937 0.036111
