1 0.908594 0.347222 0.021094 0.037500
8 0.908594 0.296528 0.060937 0.036111
6 0.420312 0.480556 0.022656 0.040278
8 0.420312 0.428472 0.060937 0.036111
5 0.846094 0.770833 0.017969 0.031944
8 0.846094 0.722917 0.060937 0.036111
3 0.757031 0.706944 0.022656 0.040278
8 0.757031 0.654861 0.060937 0.036111
1 0.307031 0.487500 0.015625 0.027778
8 0.307031 0.441667 0.060937 0.036111
3 0.185938 0.240278 0.018750 0.033333
8 0.185938 0.191667 0.060937 0.036111
2 0.600000 0.181944 0.021875 0.038889
8 0.600000 0.130556 0.060937 0.036111
