2 0.782031 0.712500 0.020313 0.036111
8 0.782031 0.662500 0.060937 0.036111
3 0.310156 0.552778 0.023438 0.041667
8 0.310156 0.500000 0.060937 0.036111
1 0.676562 0.863889 0.019531 0.034722
8 0.676562 0.814583 0.060937 0.036111
6 0.284375 0.769444 0.019531 0.034722
8 0.284375 0.720139 0.060937 0.036111
0 0.729688 0.626389 0.022656 0.040278
8 0.729688 0.574306 0.060937 0.036111
4 0.876563 0.218056 0.017188 0.030556
8 0.876563 0.170833 0.060937 0.036111
3 0.845313 0.323611 0.019531 0.034722
8 0.845313 0.274306 0.060937 0.036111
