3 0.640625 0.270833 0.023438 0.041667
8 0.640625 0.218056 0.060937 0.036111
2 0.318750 0.420833 0.017188 0.030556
8 0.318750 0.373611 0.060937 0.036111
5 0.557813 0.376389 0.021094 0.037500
8 0.557813 0.325694 0.060937 0.036111
3 0.716406 0.386111 0.016406 0.029167
8 0.716406 0.339583 0.060937 0.036111
2 0.505469 0.787500 0.018750 0.033333
8 0.551562 0.787500 0.060937 0.036111
0 0.349219 0.555556 0.027344 0.048611
8 0.349219 0.499306 0.060937 0.036111
1 0.494531 0.741667 0.022656 0.040278
8 0.494531 0.689583 0.060937 0.036111
3 0.156250 0.423611 0.027344 0.048611
8 0.156250 0.367361 0.060937 0.036111
5 0.541406 0.868056 0.017188 0.030556
8 0.541406 0.915278 0.059375 0.036111
