5 0.135156 0.545833 0.016406 0.029167
8 0.135156 0.499306 0.060937 0.036111
0 0.154688 0.863889 0.017188 0.030556
8 0.154688 0.911111 0.060937 0.036111
1 0.741406 0.352778 0.018750 0.033333
8 0.741406 0.304167 0.060937 0.036111
0 0.281250 0.790278 0.015625 0.027778
8 0.281250 0.744444 0.060937 0.036111
2 0.110937 0.401389 0.025000 0.044444
8 0.110937 0.347222 0.060937 0.036111
0 0.189062 0.833333 0.021094 0.037500
8 0.189062 0.782639 0.060937 0.036111
2 0.757812 0.694444 0.025781 0.045833
8 0.757812 0.639583 0.060937 0.036111
0 0.810156 0.269444 0.020313 0.036111
8 0.810156 0.219444 0.060937 0.036111
4 0.713281 0.797222 0.016406 0.029167
8 0.713281 0.750694 0.060937 0.036111
1 0.635938 0.388889 0.025000 0.044444
8 0.635938 0.334722 0.060937 0.036111
