1 0.079687 0.537500 0.019531 0.034722
8 0.079687 0.488194 0.060937 0.036111
1 0.778906 0.372222 0.019531 0.034722
8 0.778906 0.322917 0.060937 0.036111
7 0.644531 0.270833 0.018750 0.033333
8 0.644531 0.222222 0.060937 0.036111
0 0.750000 0.395833 0.017188 0.030556
8 0.750000 0.443056 0.060937 0.036111
5 0.845313 0.330556 0.027344 0.048611
8 0.845313 0.274306 0.060937 0.036111
3 0.441406 0.412500 0.022656 0.040278
8 0.441406 0.360417 0.060937 0.036111
0 0.307812 0.218056 0.021094 0.037500
8 0.307812 0.167361 0.060937 0.036111
0 0.167187 0.631944 0.017188 0.030556
8 0.167187 0.584722 0.060937 0.036111
