0 0.078125 0.186111 0.026562 0.047222
8 0.078125 0.130556 0.060937 0.036111
7 0.375000 0.680556 0.024219 0.043056
8 0.375000 0.627083 0.060937 0.036111
3 0.528906 0.340278 0.027344 0.048611
8 0.528906 0.284028 0.060937 0.036111
0 0.698438 0.536111 0.027344 0.048611
8 0.698438 0.479861 0.060937 0.036111
3 0.816406 0.547222 0.021875 0.038889
8 0.816406 0.495833 0.060937 0.036111
3 0.312500 0.298611 0.025000 0.044444
8 0.312500 0.244444 0.060937 0.036111
4 0.112500 0.680556 0.016406 0.029167
8 0.112500 0.634028 0.059375 0.036111
