0 0.180469 0.275000 0.016406 0.029167
8 0.180469 0.321528 0.060937 0.036111
1 0.880469 0.809722 0.015625 0.027778
8 0.880469 0.763889 0.060937 0.036111
1 0.197656 0.176389 0.025000 0.044444
8 0.197656 0.122222 0.060937 0.036111
6 0.327344 0.194444 0.019531 0.034722
8 0.327344 0.145139 0.060937 0.036111
2 0.886719 0.601389 0.026562 0.047222
8 0.886719 0.545833 0.060937 0.036111
6 0.914844 0.177778 0.021875 0.038889
8 0.914844 0.126389 0.060937 0.036111
2 0.317969 0.602778 0.015625 0.027778
8 0.317969 0.556944 0.060937 0.036111
1 0.214844 0.219444 0.017969 0.031944
8 0.260547 0.219444 0.060937 0.036111
2 0.526563 0.580556 0.021875 0.038889
8 0.526563 0.529167 0.060937 0.036111
