1 0.190625 0.181944 0.026562 0.047222
8 0.190625 0.126389 0.060937 0.036111
1 0.119531 0.405556 0.024219 0.043056
8 0.119531 0.352083 0.060937 0.036111
1 0.694531 0.491667 0.015625 0.027778
8 0.694531 0.445833 0.060937 0.036111
5 0.720313 0.805556 0.026562 0.047222
8 0.720313 0.750000 0.060937 0.036111
3 0.262500 0.859722 0.021875 0.038889
8 0.262500 0.808333 0.060937 0.036111
1 0.607812 0.550000 0.023438 0.041667
8 0.607812 0.497222 0.060937 0.036111
7 0.160156 0.431944 0.015625 0.027778
8 0.160156 0.477778 0.060937 0.036111
