7 0.564844 0.729167 0.018750 0.033333
8 0.564844 0.680556 0.060937 0.036111
1 0.732812 0.623611 0.017188 0.030556
8 0.732812 0.576389 0.060937 0.036111
2 0.919531 0.750000 0.025000 0.044444
8 0.919531 0.695833 0.060937 0.036111
2 0.849219 0.591667 0.025781 0.045833
8 0.849219 0.536806 0.060937 0.036111
7 0.517188 0.797222 0.021875 0.038889
8 0.517188 0.745833 0.060937 0.036111
0 0.344531 0.243056 0.019531 0.034722
8 0.344531 0.193750 0.060937 0.036111
3 0.276562 0.673611 0.015625 0.027778
8 0.276562 0.627778 0.060937 0.036111
3 0.620313 0.288889 0.017188 0.030556
8 0.620313 0.241667 0.060937 0.036111
