3 0.287500 0.304167 0.021094 0.037500
8 0.287500 0.253472 0.060937 0.036111
5 0.311719 0.884722 0.025000 0.044444
8 0.311719 0.938889 0.060937 0.036111
3 0.117188 0.365278 0.017188 0.030556
8 0.117188 0.318056 0.060937 0.036111
4 0.407031 0.731944 0.016406 0.029167
8 0.407031 0.685417 0.060937 0.036111
2 0.607031 0.752778 0.021094 0.037500
8 0.607031 0.702083 0.060937 0.036111
2 0.317969 0.812500 0.017188 0.030556
8 0.317969 0.765278 0.060937 0.036111
0 0.172656 0.800000 0.023438 0.041667
8 0.172656 0.747222 0.060937 0.036111
3 0.777344 0.679167 0.016406 0.029167
8 0.777344 0.632639 0.060937 0.036111
