2 0.318750 0.281944 0.016406 0.029167
8 0.318750 0.235417 0.060937 0.036111
1 0.427344 0.768056 0.025781 0.045833
8 0.427344 0.713194 0.060937 0.036111
6 0.311719 0.737500 0.016406 0.029167
8 0.311719 0.690972 0.060937 0.036111
2 0.705469 0.529167 0.018750 0.033333
8 0.705469 0.480556 0.060937 0.036111
4 0.670312 0.734722 0.025000 0.044444
8 0.670312 0.680556 0.060937 0.036111
3 0.502344 0.609722 0.021875 0.038889
8 0.502344 0.558333 0.060937 0.036111
3 0.398438 0.586111 0.025000 0.044444
8 0.398438 0.531944 0.060937 0.036111
0 0.601562 0.661111 0.022656 0.040278
8 0.601562 0.609028 0.060937 0.036111
3 0.328125 0.581944 0.019531 0.034722
8 0.328125 0.532639 0.060937 0.036111
3 0.264062 0.509722 0.018750 0.033333
8 0.264062 0.461111 0.060937 0.036111
