2 0.750000 0.577778 0.016406 0.029167
8 0.750000 0.531250 0.060937 0.036111
1 0.102344 0.180556 0.027344 0.048611
8 0.102344 0.124306 0.060937 0.036111
4 0.849219 0.880556 0.021875 0.038889
8 0.849219 0.829167 0.060937 0.036111
1 0.348438 0.594444 0.016406 0.029167
8 0.348438 0.547917 0.060937 0.036111
0 0.862500 0.662500 0.019531 0.034722
8 0.862500 0.613194 0.060937 0.036111
7 0.501563 0.430556 0.018750 0.033333
8 0.501563 0.381944 0.060937 0.036111
0 0.242969 0.652778 0.016406 0.029167
8 0.242969 0.606250 0.060937 0.036111
