3 0.639844 0.498611 0.017188 0.030556
8 0.639844 0.451389 0.060937 0.036111
0 0.137500 0.726389 0.024219 0.043056
8 0.137500 0.672917 0.060937 0.036111
1 0.275000 0.600000 0.018750 0.033333
8 0.275000 0.551389 0.060937 0.036111
5 0.557813 0.609722 0.017188 0.030556
8 0.557813 0.562500 0.060937 0.036111
6 0.239063 0.216667 0.018750 0.033333
8 0.239063 0.168056 0.060937 0.036111
3 0.526563 0.202778 0.021094 0.037500
8 0.526563 0.152083 0.060937 0.036111
3 0.333594 0.251389 0.025000 0.044444
8 0.333594 0.197222 0.060937 0.036111
