3 0.100000 0.168056 0.015625 0.027778
8 0.100000 0.122222 0.060937 0.036111
1 0.428906 0.801389 0.023438 0.041667
8 0.428906 0.748611 0.060937 0.036111
6 0.768750 0.593056 0.024219 0.043056
8 0.768750 0.539583 0.060937 0.036111
0 0.501563 0.855556 0.021094 0.037500
8 0.501563 0.804861 0.060937 0.036111
0 0.119531 0.680556 0.022656 0.040278
8 0.119531 0.628472 0.060937 0.036111
5 0.371094 0.570833 0.027344 0.048611
8 0.371094 0.514583 0.060937 0.036111
3 0.135156 0.527778 0.021875 0.038889
8 0.135156 0.476389 0.060937 0.036111
3 0.105469 0.369444 0.018750 0.033333
8 0.105469 0.320833 0.060937 0.036111
3 0.296094 0.790278 0.018750 0.033333
8 0.296094 0.741667 0.060937 0.036111
