3 0.317969 0.716667 0.017969 0.031944
8 0.317969 0.668750 0.060937 0.036111
0 0.810937 0.586111 0.026562 0.047222
8 0.810937 0.641667 0.060937 0.036111
1 0.559375 0.426389 0.017188 0.030556
8 0.559375 0.379167 0.060937 0.036111
0 0.840625 0.534722 0.021094 0.037500
8 0.840625 0.484028 0.060937 0.036111
1 0.698438 0.337500 0.019531 0.034722
8 0.698438 0.288194 0.059375 0.036111
7 0.765625 0.833333 0.017188 0.030556
8 0.765625 0.786111 0.060937 0.036111
3 0.519531 0.461111 0.023438 0.041667
8 0.519531 0.513889 0.060937 0.036111
4 0.088281 0.256944 0.015625 0.027778
8 0.088281 0.211111 0.060937 0.036111
