0 0.447656 0.884722 0.027344 0.048611
8 0.447656 0.828472 0.060937 0.036111
0 0.385156 0.265278 0.026562 0.047222
8 0.385156 0.209722 0.060937 0.036111
1 0.770312 0.430556 0.027344 0.048611
8 0.770312 0.374306 0.060937 0.036111
3 0.464062 0.295833 0.023438 0.041667
8 0.464062 0.243056 0.060937 0.036111
6 0.214844 0.373611 0.020313 0.036111
8 0.214844 0.323611 0.060937 0.036111
4 0.712500 0.202778 0.015625 0.027778
8 0.712500 0.156944 0.060937 0.036111
0 0.432031 0.468056 0.023438 0.041667
8 0.432031 0.415278 0.060937 0.036111
1 0.350000 0.816667 0.016406 0.029167
8 0.350000 0.770139 0.060937 0.036111
2 0.685156 0.213889 0.015625 0.027778
8 0.685156 0.259722 0.060937 0.036111
