4 0.266406 0.761111 0.025781 0.045833
8 0.266406 0.706250 0.060937 0.036111
2 0.854688 0.855556 0.016406 0.029167
8 0.854688 0.809028 0.060937 0.036111
1 0.450781 0.815278 0.021875 0.038889
8 0.450781 0.763889 0.060937 0.036111
0 0.825000 0.304167 0.024219 0.043056
8 0.825000 0.250694 0.060937 0.036111
3 0.160156 0.651389 0.025000 0.044444
8 0.160156 0.597222 0.060937 0.036111
6 0.102344 0.261111 0.025781 0.045833
8 0.102344 0.206250 0.059375 0.036111
3 0.800000 0.797222 0.025000 0.044444
8 0.800000 0.743056 0.060937 0.036111
2 0.508594 0.333333 0.024219 0.043056
8 0.508594 0.279861 0.060937 0.036111
