1 0.250781 0.590278 0.017969 0.031944
8 0.250781 0.638194 0.059375 0.036111
5 0.100781 0.312500 0.022656 0.040278
8 0.100781 0.260417 0.060937 0.036111
0 0.287500 0.686111 0.018750 0.033333
8 0.287500 0.734722 0.060937 0.036111
6 0.438281 0.668056 0.017969 0.031944
8 0.438281 0.620139 0.060937 0.036111
3 0.419531 0.376389 0.027344 0.048611
8 0.419531 0.320139 0.060937 0.036111
2 0.663281 0.594444 0.016406 0.029167
8 0.663281 0.547917 0.060937 0.036111
2 0.092969 0.472222 0.025781 0.045833
8 0.092969 0.417361 0.060937 0.036111
1 0.496875 0.576389 0.022656 0.040278
8 0.496875 0.524306 0.060937 0.036111
2 0.258594 0.530556 0.020313 0.036111
8 0.258594 0.480556 0.060937 0.036111
