3 0.221875 0.301389 0.023438 0.041667
8 0.221875 0.248611 0.060937 0.036111
4 0.691406 0.595833 0.018750 0.033333
8 0.691406 0.547222 0.060937 0.036111
1 0.531250 0.412500 0.016406 0.029167
8 0.531250 0.365972 0.060937 0.036111
0 0.402344 0.611111 0.022656 0.040278
8 0.402344 0.559028 0.060937 0.036111
2 0.835156 0.308333 0.015625 0.027778
8 0.835156 0.262500 0.060937 0.036111
0 0.856250 0.398611 0.026562 0.047222
8 0.856250 0.454167 0.060937 0.036111
1 0.467969 0.577778 0.015625 0.027778
8 0.467969 0.531944 0.060937 0.036111
2 0.918750 0.812500 0.017188 0.030556
8 0.903125 0.751389 0.060937 0.036111
6 0.875000 0.813889 0.025000 0.044444
8 0.875000 0.868056 0.060937 0.036111
2 0.608594 0.766667 0.017969 0.031944
8 0.608594 0.718750 0.060937 0.036111
