2 0.284375 0.598611 0.025000 0.044444
8 0.284375 0.544444 0.060937 0.036111
0 0.288281 0.470833 0.022656 0.040278
8 0.288281 0.418750 0.060937 0.036111
7 0.343750 0.365278 0.020313 0.036111
8 0.343750 0.315278 0.060937 0.036111
0 0.173437 0.795833 0.019531 0.034722
8 0.173437 0.746528 0.060937 0.036111
2 0.815625 0.413889 0.021094 0.037500
8 0.815625 0.363194 0.060937 0.036111
3 0.730469 0.791667 0.016406 0.029167
8 0.730469 0.745139 0.060937 0.036111
4 0.804688 0.793056 0.017969 0.031944
8 0.804688 0.745139 0.060937 0.036111
