3 0.857031 0.406944 0.022656 0.040278
8 0.857031 0.354861 0.060937 0.036111
3 0.167187 0.868056 0.019531 0.034722
8 0.167187 0.818750 0.060937 0.036111
6 0.425781 0.822222 0.025000 0.044444
8 0.425781 0.768056 0.060937 0.036111
7 0.452344 0.705556 0.024219 0.043056
8 0.452344 0.652083 0.060937 0.036111
2 0.380469 0.200000 0.023438 0.041667
8 0.380469 0.147222 0.060937 0.036111
2 0.119531 0.272222 0.016406 0.029167
8 0.119531 0.225694 0.060937 0.036111
2 0.152344 0.634722 0.023438 0.041667
8 0.152344 0.581944 0.060937 0.036111
1 0.871094 0.855556 0.025000 0.044444
8 0.871094 0.801389 0.060937 0.036111
