2 0.725781 0.350000 0.022656 0.040278
8 0.725781 0.297917 0.060937 0.036111
5 0.374219 0.415278 0.026562 0.047222
8 0.374219 0.359722 0.060937 0.036111
1 0.197656 0.793056 0.015625 0.027778
8 0.197656 0.747222 0.060937 0.036111
2 0.097656 0.820833 0.026562 0.047222
8 0.097656 0.765278 0.060937 0.036111
1 0.636719 0.191667 0.020313 0.036111
8 0.636719 0.141667 0.060937 0.036111
2 0.421094 0.820833 0.021094 0.037500
8 0.421094 0.770139 0.060937 0.036111
3 0.164062 0.444444 0.017188 0.030556
8 0.164062 0.491667 0.060937 0.036111
7 0.592187 0.779167 0.016406 0.029167
8 0.592187 0.732639 0.060937 0.036111
2 0.142969 0.358333 0.025000 0.044444
8 0.142969 0.304167 0.060937 0.036111
