4 0.564063 0.629167 0.025781 0.045833
8 0.564063 0.574306 0.060937 0.036111
4 0.709375 0.825000 0.025000 0.044444
8 0.709375 0.770833 0.060937 0.036111
2 0.763281 0.716667 0.018750 0.033333
8 0.763281 0.668056 0.060937 0.036111
3 0.854688 0.786111 0.019531 0.034722
8 0.854688 0.736806 0.060937 0.036111
1 0.478125 0.691667 0.027344 0.048611
8 0.478125 0.635417 0.060937 0.036111
2 0.161719 0.541667 0.023438 0.041667
8 0.161719 0.488889 0.060937 0.036111
2 0.508594 0.376389 0.022656 0.040278
8 0.508594 0.324306 0.060937 0.036111
