1 0.652344 0.629167 0.024219 0.043056
8 0.652344 0.575694 0.060937 0.036111
1 0.283594 0.376389 0.021875 0.038889
8 0.283594 0.325000 0.060937 0.036111
1 0.211719 0.530556 0.025000 0.044444
8 0.211719 0.476389 0.060937 0.036111
6 0.330469 0.629167 0.022656 0.040278
8 0.330469 0.577083 0.060937 0.036111
2 0.892969 0.666667 0.021094 0.037500
8 0.892969 0.615972 0.060937 0.036111
2 0.446094 0.202778 0.017188 0.030556
8 0.446094 0.155556 0.060937 0.036111
5 0.918750 0.705556 0.020313 0.036111
8 0.918750 0.755556 0.060937 0.036111
0 0.712500 0.706944 0.016406 0.029167
8 0.712500 0.660417 0.059375 0.036111
0 0.431250 0.308333 0.023438 0.041667
8 0.431250 0.255556 0.060937 0.036111
