3 0.501563 0.701389 0.016406 0.029167
8 0.501563 0.654861 0.060937 0.036111
0 0.714844 0.712500 0.022656 0.040278
8 0.714844 0.660417 0.060937 0.036111
0 0.785156 0.715278 0.015625 0.027778
8 0.785156 0.669444 0.060937 0.036111
0 0.344531 0.502778 0.022656 0.040278
8 0.344531 0.450694 0.059375 0.036111
6 0.586719 0.527778 0.025000 0.044444
8 0.586719 0.473611 0.060937 0.036111
2 0.289844 0.345833 0.017969 0.031944
8 0.289844 0.297917 0.060937 0.036111
2 0.389844 0.326389 0.025781 0.045833
8 0.389844 0.271528 0.060937 0.036111
6 0.309375 0.533333 0.024219 0.043056
8 0.309375 0.586806 0.060937 0.036111
