1 0.429688 0.688889 0.015625 0.027778
8 0.429688 0.643056 0.060937 0.036111
0 0.862500 0.556944 0.026562 0.047222
8 0.862500 0.612500 0.060937 0.036111
6 0.833594 0.509722 0.015625 0.027778
8 0.833594 0.463889 0.060937 0.036111
0 0.307812 0.211111 0.023438 0.041667
8 0.307812 0.158333 0.060937 0.036111
0 0.666406 0.297222 0.026562 0.047222
8 0.666406 0.241667 0.060937 0.036111
2 0.088281 0.251389 0.025000 0.044444
8 0.088281 0.197222 0.060937 0.036111
2 0.376563 0.202778 0.022656 0.040278
8 0.376563 0.150694 0.060937 0.036111
1 0.544531 0.597222 0.017969 0.031944
8 0.544531 0.549306 0.060937 0.036111
0 0.153125 0.526389 0.024219 0.043056
8 0.153125 0.472917 0.060937 0.036111
7 0.449219 0.802778 0.027344 0.048611
8 0.449219 0.746528 0.059375 0.036111
