2 0.226562 0.275000 0.022656 0.040278
8 0.226562 0.222917 0.060937 0.036111
2 0.660156 0.220833 0.024219 0.043056
8 0.660156 0.167361 0.060937 0.036111
2 0.657813 0.355556 0.023438 0.041667
8 0.657813 0.302778 0.060937 0.036111
1 0.780469 0.361111 0.020313 0.036111
8 0.780469 0.311111 0.060937 0.036111
6 0.895312 0.573611 0.020313 0.036111
8 0.895312 0.523611 0.060937 0.036111
7 0.511719 0.818056 0.025000 0.044444
8 0.511719 0.763889 0.060937 0.036111
2 0.210938 0.594444 0.017969 0.031944
8 0.210938 0.546528 0.060937 0.036111
1 0.196875 0.438889 0.018750 0.033333
8 0.196875 0.390278 0.060937 0.036111
0 0.714844 0.687500 0.025000 0.044444
8 0.714844 0.633333 0.060937 0.036111
