7 0.086719 0.240278 0.027344 0.048611
8 0.086719 0.184028 0.059375 0.036111
6 0.253125 0.284722 0.027344 0.048611
8 0.253125 0.228472 0.060937 0.036111
0 0.416406 0.183333 0.025781 0.045833
8 0.416406 0.128472 0.060937 0.036111
1 0.348438 0.820833 0.025781 0.045833
8 0.348438 0.765972 0.060937 0.036111
3 0.389062 0.637500 0.017188 0.030556
8 0.389062 0.590278 0.060937 0.036111
3 0.545312 0.447222 0.024219 0.043056
8 0.545312 0.393750 0.060937 0.036111
2 0.671094 0.416667 0.027344 0.048611
8 0.671094 0.360417 0.060937 0.036111
