6 0.304688 0.759722 0.017188 0.030556
8 0.304688 0.712500 0.060937 0.036111
2 0.821875 0.583333 0.017969 0.031944
8 0.821875 0.535417 0.060937 0.036111
1 0.495312 0.543056 0.020313 0.036111
8 0.495312 0.493056 0.060937 0.036111
3 0.164844 0.323611 0.021875 0.038889
8 0.164844 0.272222 0.060937 0.036111
0 0.692969 0.768056 0.021094 0.037500
8 0.692969 0.717361 0.060937 0.036111
0 0.781250 0.759722 0.017969 0.031944
8 0.781250 0.711806 0.060937 0.036111
7 0.541406 0.313889 0.027344 0.048611
8 0.541406 0.257639 0.060937 0.036111
0 0.228125 0.554167 0.027344 0.048611
8 0.228125 0.497917 0.060937 0.036111
