2 0.079687 0.548611 0.023438 0.041667
8 0.079687 0.495833 0.060937 0.036111
0 0.606250 0.336111 0.027344 0.048611
8 0.606250 0.279861 0.060937 0.036111
2 0.790625 0.827778 0.020313 0.036111
8 0.790625 0.777778 0.060937 0.036111
1 0.707031 0.794444 0.026562 0.047222
8 0.707031 0.738889 0.059375 0.036111
7 0.897656 0.608333 0.017969 0.031944
8 0.897656 0.560417 0.060937 0.036111
3 0.807031 0.245833 0.025000 0.044444
8 0.807031 0.191667 0.060937 0.036111
6 0.217969 0.381944 0.021875 0.038889
8 0.217969 0.330556 0.060937 0.036111
