0 0.354687 0.690278 0.018750 0.033333
8 0.354687 0.738889 0.060937 0.036111
2 0.564063 0.290278 0.022656 0.040278
8 0.564063 0.238194 0.060937 0.036111
3 0.376563 0.615278 0.027344 0.048611
8 0.376563 0.559028 0.060937 0.036111
5 0.470313 0.402778 0.025781 0.045833
8 0.470313 0.457639 0.060937 0.036111
5 0.774219 0.262500 0.021875 0.038889
8 0.774219 0.211111 0.060937 0.036111
1 0.450781 0.348611 0.015625 0.027778
8 0.450781 0.302778 0.060937 0.036111
3 0.746875 0.648611 0.016406 0.029167
8 0.746875 0.602083 0.060937 0.036111
3 0.467187 0.687500 0.018750 0.033333
8 0.467187 0.638889 0.060937 0.036111
0 0.121875 0.822222 0.017188 0.030556
8 0.121875 0.775000 0.060937 0.036111
