3 0.667969 0.811111 0.025000 0.044444
8 0.667969 0.756944 0.060937 0.036111
6 0.576562 0.576389 0.025000 0.044444
8 0.576562 0.522222 0.060937 0.036111
5 0.240625 0.181944 0.022656 0.040278
8 0.240625 0.129861 0.060937 0.036111
3 0.312500 0.516667 0.016406 0.029167
8 0.312500 0.470139 0.060937 0.036111
2 0.104688 0.844444 0.025000 0.044444
8 0.104688 0.790278 0.060937 0.036111
1 0.900000 0.422222 0.021875 0.038889
8 0.900000 0.370833 0.060937 0.036111
3 0.182812 0.851389 0.015625 0.027778
8 0.182812 0.805556 0.060937 0.036111
0 0.434375 0.565278 0.019531 0.034722
8 0.434375 0.515972 0.060937 0.036111
0 0.472656 0.308333 0.020313 0.036111
8 0.472656 0.258333 0.060937 0.036111
0 0.359375 0.666667 0.015625 0.027778
8 0.359375 0.620833 0.057813 0.036111
