4 0.650000 0.437500 0.021094 0.037500
8 0.650000 0.488194 0.060937 0.036111
4 0.107813 0.566667 0.024219 0.043056
8 0.107813 0.513194 0.060937 0.036111
0 0.289844 0.487500 0.026562 0.047222
8 0.289844 0.431944 0.060937 0.036111
1 0.678906 0.366667 0.025000 0.044444
8 0.678906 0.312500 0.059375 0.036111
3 0.537500 0.223611 0.024219 0.043056
8 0.537500 0.170139 0.060937 0.036111
0 0.150781 0.169444 0.016406 0.029167
8 0.150781 0.122917 0.060937 0.036111
3 0.500781 0.836111 0.016406 0.029167
8 0.500781 0.789583 0.060937 0.036111
