3 0.242969 0.193056 0.017969 0.031944
8 0.242969 0.145139 0.060937 0.036111
2 0.133594 0.395833 0.017188 0.030556
8 0.088281 0.395833 0.060937 0.036111
0 0.153125 0.412500 0.015625 0.027778
8 0.153125 0.458333 0.059375 0.036111
3 0.260937 0.688889 0.017188 0.030556
8 0.260937 0.641667 0.060937 0.036111
3 0.725000 0.473611 0.026562 0.047222
8 0.725000 0.418056 0.060937 0.036111
1 0.889844 0.198611 0.017188 0.030556
8 0.889844 0.151389 0.060937 0.036111
1 0.684375 0.483333 0.026562 0.047222
8 0.684375 0.538889 0.060937 0.036111
3 0.585938 0.518056 0.021094 0.037500
8 0.585938 0.467361 0.060937 0.036111
7 0.867188 0.398611 0.025781 0.045833
8 0.867188 0.343750 0.060937 0.036111
6 0.136719 0.345833 0.018750 0.033333
8 0.136719 0.297222 0.060937 0.036111
