5 0.525000 0.534722 0.015625 0.027778
8 0.525000 0.488889 0.060937 0.036111
2 0.842187 0.552778 0.025781 0.045833
8 0.842187 0.497917 0.060937 0.036111
6 0.224219 0.695833 0.015625 0.027778
8 0.224219 0.650000 0.060937 0.036111
1 0.909375 0.441667 0.020313 0.036111
8 0.909375 0.391667 0.060937 0.036111
2 0.810937 0.690278 0.025000 0.044444
8 0.810937 0.636111 0.060937 0.036111
1 0.853906 0.701389 0.022656 0.040278
8 0.853906 0.753472 0.060937 0.036111
1 0.443750 0.784722 0.025781 0.045833
8 0.443750 0.729861 0.060937 0.036111
1 0.199219 0.879167 0.022656 0.040278
8 0.199219 0.827083 0.060937 0.036111
