0 0.090625 0.475000 0.017188 0.030556
8 0.090625 0.427778 0.060937 0.036111
5 0.103906 0.787500 0.025781 0.045833
8 0.103906 0.732639 0.060937 0.036111
7 0.414844 0.380556 0.025000 0.044444
8 0.414844 0.326389 0.060937 0.036111
2 0.342187 0.197222 0.017188 0.030556
8 0.342187 0.150000 0.060937 0.036111
3 0.146875 0.309722 0.025000 0.044444
8 0.146875 0.255556 0.060937 0.036111
0 0.750000 0.413889 0.022656 0.040278
8 0.750000 0.361806 0.060937 0.036111
3 0.870313 0.351389 0.020313 0.036111
8 0.870313 0.301389 0.060937 0.036111
