2 0.860938 0.625000 0.022656 0.040278
8 0.860938 0.572917 0.060937 0.036111
0 0.810937 0.595833 0.025781 0.045833
8 0.810937 0.650694 0.060937 0.036111
3 0.250781 0.854167 0.015625 0.027778
8 0.250781 0.808333 0.060937 0.036111
0 0.250000 0.348611 0.017969 0.031944
8 0.250000 0.300694 0.060937 0.036111
0 0.535156 0.670833 0.016406 0.029167
8 0.535156 0.624306 0.060937 0.036111
7 0.192188 0.734722 0.026562 0.047222
8 0.192188 0.679167 0.060937 0.036111
2 0.131250 0.654167 0.024219 0.043056
8 0.082422 0.654167 0.060937 0.036111
2 0.602344 0.795833 0.026562 0.047222
8 0.602344 0.740278 0.060937 0.036111
7 0.141406 0.575000 0.024219 0.043056
8 0.141406 0.521528 0.060937 0.036111
