1 0.200781 0.294444 0.025000 0.044444
8 0.200781 0.240278 0.060937 0.036111
2 0.502344 0.297222 0.021875 0.038889
8 0.502344 0.245833 0.060937 0.036111
2 0.207031 0.352778 0.021875 0.038889
8 0.207031 0.404167 0.060937 0.036111
2 0.907813 0.322222 0.018750 0.033333
8 0.907813 0.273611 0.060937 0.036111
2 0.485156 0.577778 0.017969 0.031944
8 0.485156 0.529861 0.060937 0.036111
3 0.869531 0.888889 0.015625 0.027778
8 0.869531 0.934722 0.060937 0.036111
4 0.382812 0.365278 0.026562 0.047222
8 0.382812 0.309722 0.060937 0.036111
1 0.886719 0.805556 0.018750 0.033333
8 0.886719 0.756944 0.060937 0.036111
4 0.917188 0.601389 0.027344 0.048611
8 0.917188 0.545139 0.060937 0.036111
2 0.140625 0.598611 0.026562 0.047222
8 0.140625 0.543056 0.060937 0.036111
