1 0.563281 0.498611 0.021094 0.037500
8 0.563281 0.447917 0.060937 0.036111
1 0.241406 0.750000 0.025000 0.044444
8 0.241406 0.695833 0.060937 0.036111
2 0.514844 0.705556 0.018750 0.033333
8 0.514844 0.754167 0.060937 0.036111
1 0.519531 0.644444 0.027344 0.048611
8 0.469141 0.644444 0.060937 0.036111
1 0.707812 0.738889 0.021094 0.037500
8 0.707812 0.688194 0.060937 0.036111
7 0.547656 0.552778 0.022656 0.040278
8 0.499609 0.552778 0.060937 0.036111
1 0.803125 0.754167 0.026562 0.047222
8 0.803125 0.698611 0.060937 0.036111
7 0.657031 0.513889 0.021094 0.037500
8 0.657031 0.463194 0.060937 0.036111
