4 0.329688 0.672222 0.018750 0.033333
8 0.329688 0.623611 0.060937 0.036111
2 0.212500 0.495833 0.020313 0.036111
8 0.212500 0.445833 0.060937 0.036111
0 0.618750 0.822222 0.017188 0.030556
8 0.618750 0.775000 0.060937 0.036111
6 0.825000 0.487500 0.024219 0.043056
8 0.825000 0.434028 0.060937 0.036111
3 0.150000 0.266667 0.026562 0.047222
8 0.150000 0.211111 0.060937 0.036111
1 0.652344 0.561111 0.016406 0.029167
8 0.652344 0.514583 0.060937 0.036111
2 0.367969 0.354167 0.021094 0.037500
8 0.367969 0.303472 0.057813 0.036111
0 0.425781 0.691667 0.026562 0.047222
8 0.425781 0.636111 0.060937 0.036111
0 0.399219 0.250000 0.019531 0.034722
8 0.399219 0.200694 0.060937 0.036111
1 0.638281 0.188889 0.023438 0.041667
8 0.638281 0.136111 0.060937 0.036111
