0 0.143750 0.634722 0.025000 0.044444
8 0.143750 0.580556 0.060937 0.036111
3 0.728906 0.804167 0.025781 0.045833
8 0.728906 0.749306 0.060937 0.036111
5 0.350000 0.811111 0.024219 0.043056
8 0.350000 0.757639 0.060937 0.036111
3 0.872656 0.443056 0.019531 0.034722
8 0.872656 0.393750 0.060937 0.036111
3 0.591406 0.726389 0.026562 0.047222
8 0.591406 0.670833 0.060937 0.036111
0 0.458594 0.286111 0.021094 0.037500
8 0.458594 0.235417 0.060937 0.036111
5 0.552344 0.727778 0.022656 0.040278
8 0.552344 0.779861 0.060937 0.036111
2 0.792969 0.786111 0.016406 0.029167
8 0.792969 0.832639 0.060937 0.036111
