0 0.921094 0.462500 0.027344 0.048611
8 0.921094 0.406250 0.060937 0.036111
3 0.692969 0.391667 0.015625 0.027778
8 0.692969 0.345833 0.060937 0.036111
0 0.198437 0.412500 0.024219 0.043056
8 0.198437 0.359028 0.060937 0.036111
5 0.873437 0.797222 0.016406 0.029167
8 0.873437 0.750694 0.060937 0.036111
3 0.793750 0.687500 0.025000 0.044444
8 0.793750 0.633333 0.060937 0.036111
4 0.224219 0.520833 0.023438 0.041667
8 0.224219 0.468056 0.060937 0.036111
2 0.513281 0.180556 0.023438 0.041667
8 0.513281 0.127778 0.060937 0.036111
