2 0.387500 0.851389 0.022656 0.040278
8 0.387500 0.799306 0.060937 0.036111
2 0.634375 0.551389 0.022656 0.040278
8 0.634375 0.499306 0.060937 0.036111
1 0.166406 0.602778 0.017188 0.030556
8 0.166406 0.555556 0.060937 0.036111
2 0.753906 0.244444 0.021094 0.037500
8 0.753906 0.193750 0.059375 0.036111
4 0.106250 0.672222 0.023438 0.041667
8 0.106250 0.619444 0.060937 0.036111
2 0.730469 0.694444 0.019531 0.034722
8 0.730469 0.645139 0.060937 0.036111
1 0.700000 0.366667 0.017188 0.030556
8 0.700000 0.319444 0.060937 0.036111
4 0.145313 0.734722 0.018750 0.033333
8 0.145313 0.783333 0.060937 0.036111
1 0.791406 0.681944 0.023438 0.041667
8 0.791406 0.734722 0.060937 0.036111
3 0.623437 0.719444 0.019531 0.034722
8 0.623437 0.670139 0.060937 0.036111
