1 0.914062 0.298611 0.026562 0.047222
8 0.914062 0.243056 0.060937 0.036111
0 0.758594 0.341667 0.015625 0.027778
8 0.758594 0.295833 0.060937 0.036111
6 0.668750 0.848611 0.015625 0.027778
8 0.668750 0.802778 0.060937 0.036111
1 0.371094 0.405556 0.021094 0.037500
8 0.371094 0.354861 0.060937 0.036111
1 0.857812 0.356944 0.020313 0.036111
8 0.857812 0.306944 0.060937 0.036111
2 0.777344 0.222222 0.027344 0.048611
8 0.777344 0.165972 0.060937 0.036111
3 0.178906 0.423611 0.019531 0.034722
8 0.178906 0.374306 0.060937 0.036111
4 0.479687 0.447222 0.020313 0.036111
8 0.479687 0.397222 0.060937 0.036111
0 0.529687 0.456944 0.017188 0.030556
8 0.529687 0.504167 0.060937 0.036111
