6 0.453906 0.650000 0.023438 0.041667
8 0.453906 0.597222 0.060937 0.036111
0 0.557031 0.668056 0.027344 0.048611
8 0.557031 0.611806 0.060937 0.036111
5 0.433594 0.809722 0.021094 0.037500
8 0.433594 0.759028 0.060937 0.036111
3 0.834375 0.529167 0.016406 0.029167
8 0.834375 0.482639 0.060937 0.036111
3 0.346094 0.337500 0.023438 0.041667
8 0.346094 0.284722 0.060937 0.036111
3 0.916406 0.213889 0.027344 0.048611
8 0.916406 0.157639 0.060937 0.036111
2 0.356250 0.775000 0.021094 0.037500
8 0.356250 0.724306 0.059375 0.036111
