2 0.230469 0.193056 0.021875 0.038889
8 0.230469 0.141667 0.060937 0.036111
2 0.318750 0.336111 0.019531 0.034722
8 0.318750 0.286806 0.060937 0.036111
5 0.360938 0.804167 0.025781 0.045833
8 0.360938 0.749306 0.060937 0.036111
3 0.113281 0.618056 0.018750 0.033333
8 0.113281 0.569444 0.060937 0.036111
3 0.324219 0.491667 0.026562 0.047222
8 0.324219 0.436111 0.060937 0.036111
7 0.917969 0.779167 0.025781 0.045833
8 0.917969 0.724306 0.059375 0.036111
1 0.857031 0.427778 0.017188 0.030556
8 0.857031 0.380556 0.060937 0.036111
