4 0.735156 0.302778 0.017969 0.031944
8 0.735156 0.254861 0.060937 0.036111
0 0.442188 0.500000 0.025000 0.044444
8 0.442188 0.445833 0.060937 0.036111
3 0.172656 0.751389 0.019531 0.034722
8 0.172656 0.702083 0.060937 0.036111
2 0.443750 0.323611 0.023438 0.041667
8 0.443750 0.270833 0.060937 0.036111
2 0.863281 0.445833 0.019531 0.034722
8 0.863281 0.396528 0.060937 0.036111
3 0.614844 0.819444 0.015625 0.027778
8 0.614844 0.773611 0.060937 0.036111
7 0.587500 0.677778 0.025781 0.045833
8 0.587500 0.622917 0.060937 0.036111
0 0.712500 0.166667 0.025781 0.045833
8 0.712500 0.111806 0.060937 0.036111
