2 0.609375 0.306944 0.026562 0.047222
8 0.609375 0.362500 0.060937 0.036111
3 0.864844 0.386111 0.021875 0.038889
8 0.864844 0.334722 0.059375 0.036111
5 0.208594 0.193056 0.024219 0.043056
8 0.208594 0.139583 0.060937 0.036111
7 0.645312 0.294444 0.017188 0.030556
8 0.645312 0.247222 0.059375 0.036111
0 0.082031 0.415278 0.025781 0.045833
8 0.082031 0.360417 0.060937 0.036111
3 0.701562 0.884722 0.021094 0.037500
8 0.701562 0.834028 0.060937 0.036111
1 0.664062 0.723611 0.025781 0.045833
8 0.664062 0.668750 0.060937 0.036111
1 0.748437 0.505556 0.016406 0.029167
8 0.748437 0.459028 0.060937 0.036111
0 0.560937 0.375000 0.021875 0.038889
8 0.560937 0.426389 0.060937 0.036111
0 0.291406 0.441667 0.017969 0.031944
8 0.291406 0.393750 0.060937 0.036111
