6 0.732031 0.379167 0.021094 0.037500
8 0.732031 0.328472 0.060937 0.036111
3 0.867969 0.311111 0.022656 0.040278
8 0.867969 0.259028 0.060937 0.036111
3 0.496094 0.802778 0.026562 0.047222
8 0.496094 0.747222 0.060937 0.036111
2 0.350000 0.172222 0.019531 0.034722
8 0.350000 0.122917 0.060937 0.036111
3 0.407031 0.477778 0.016406 0.029167
8 0.407031 0.431250 0.060937 0.036111
6 0.265625 0.802778 0.019531 0.034722
8 0.265625 0.753472 0.060937 0.036111
0 0.092188 0.302778 0.020313 0.036111
8 0.092188 0.252778 0.060937 0.036111
