7 0.646875 0.269444 0.017188 0.030556
8 0.646875 0.222222 0.060937 0.036111
1 0.214844 0.476389 0.021094 0.037500
8 0.214844 0.425694 0.060937 0.036111
2 0.560937 0.411111 0.024219 0.043056
8 0.560937 0.357639 0.060937 0.036111
5 0.446094 0.701389 0.020313 0.036111
8 0.446094 0.651389 0.060937 0.036111
2 0.389844 0.702778 0.018750 0.033333
8 0.389844 0.751389 0.060937 0.036111
3 0.847656 0.208333 0.023438 0.041667
8 0.847656 0.155556 0.060937 0.036111
2 0.652344 0.519444 0.024219 0.043056
8 0.652344 0.465972 0.060937 0.036111
0 0.837500 0.601389 0.021094 0.037500
8 0.837500 0.550694 0.060937 0.036111
