0 0.436719 0.245833 0.021094 0.037500
8 0.436719 0.195139 0.060937 0.036111
0 0.625781 0.784722 0.020313 0.036111
8 0.625781 0.734722 0.060937 0.036111
2 0.102344 0.787500 0.017188 0.030556
8 0.102344 0.740278 0.060937 0.036111
1 0.346875 0.586111 0.023438 0.041667
8 0.346875 0.533333 0.060937 0.036111
3 0.775000 0.320833 0.017188 0.030556
8 0.775000 0.368056 0.060937 0.036111
2 0.851562 0.813889 0.025781 0.045833
8 0.851562 0.759028 0.060937 0.036111
5 0.807031 0.263889 0.019531 0.034722
8 0.807031 0.214583 0.060937 0.036111
5 0.214844 0.270833 0.016406 0.029167
8 0.214844 0.224306 0.060937 0.036111
1 0.089844 0.283333 0.023438 0.041667
8 0.089844 0.230556 0.060937 0.036111
2 0.335938 0.806944 0.024219 0.043056
8 0.335938 0.753472 0.060937 0.036111
