7 0.471875 0.291667 0.017188 0.030556
8 0.471875 0.244444 0.060937 0.036111
2 0.181250 0.545833 0.017969 0.031944
8 0.181250 0.497917 0.060937 0.036111
0 0.678906 0.588889 0.019531 0.034722
8 0.678906 0.539583 0.059375 0.036111
2 0.382812 0.238889 0.017969 0.031944
8 0.382812 0.190972 0.060937 0.036111
3 0.558594 0.381944 0.021875 0.038889
8 0.558594 0.330556 0.059375 0.036111
7 0.904687 0.868056 0.015625 0.027778
8 0.904687 0.822222 0.060937 0.036111
0 0.489063 0.880556 0.026562 0.047222
8 0.489063 0.825000 0.060937 0.036111
0 0.402344 0.406944 0.019531 0.034722
8 0.402344 0.357639 0.060937 0.036111
3 0.179688 0.804167 0.027344 0.048611
8 0.179688 0.747917 0.060937 0.036111
1 0.740625 0.345833 0.019531 0.034722
8 0.740625 0.296528 0.060937 0.036111
