0 0.146875 0.608333 0.025000 0.044444
8 0.146875 0.662500 0.060937 0.036111
4 0.549219 0.729167 0.024219 0.043056
8 0.549219 0.675694 0.060937 0.036111
0 0.500000 0.777778 0.015625 0.027778
8 0.500000 0.731944 0.060937 0.036111
0 0.122656 0.266667 0.018750 0.033333
8 0.122656 0.218056 0.060937 0.036111
3 0.407031 0.254167 0.022656 0.040278
8 0.407031 0.202083 0.060937 0.036111
2 0.436719 0.688889 0.017969 0.031944
8 0.436719 0.640972 0.060937 0.036111
6 0.172656 0.556944 0.017969 0.031944
8 0.172656 0.509028 0.060937 0.036111
2 0.310937 0.752778 0.021094 0.037500
8 0.310937 0.702083 0.060937 0.036111
