1 0.656250 0.830556 0.026562 0.047222
8 0.656250 0.775000 0.060937 0.036111
3 0.498437 0.801389 0.019531 0.034722
8 0.498437 0.752083 0.060937 0.036111
4 0.405469 0.238889 0.018750 0.033333
8 0.405469 0.190278 0.060937 0.036111
2 0.828125 0.856944 0.015625 0.027778
8 0.828125 0.811111 0.059375 0.036111
2 0.657031 0.683333 0.021875 0.038889
8 0.657031 0.631944 0.060937 0.036111
0 0.831250 0.205556 0.021094 0.037500
8 0.831250 0.154861 0.060937 0.036111
0 0.180469 0.751389 0.023438 0.041667
8 0.180469 0.698611 0.060937 0.036111
1 0.717187 0.323611 0.015625 0.027778
8 0.717187 0.277778 0.060937 0.036111
1 0.625000 0.694444 0.021875 0.038889
8 0.577344 0.694444 0.060937 0.036111
6 0.910156 0.876389 0.022656 0.040278
8 0.910156 0.824306 0.060937 0.036111
