3 0.459375 0.675000 0.018750 0.033333
8 0.459375 0.626389 0.060937 0.036111
2 0.567187 0.773611 0.018750 0.033333
8 0.567187 0.725000 0.059375 0.036111
6 0.417969 0.501389 0.027344 0.048611
8 0.417969 0.445139 0.060937 0.036111
5 0.342187 0.436111 0.023438 0.041667
8 0.342187 0.383333 0.060937 0.036111
3 0.620313 0.765278 0.021875 0.038889
8 0.620313 0.816667 0.060937 0.036111
2 0.881250 0.422222 0.021094 0.037500
8 0.881250 0.371528 0.060937 0.036111
3 0.898438 0.793056 0.025781 0.045833
8 0.898438 0.738194 0.060937 0.036111
1 0.734375 0.395833 0.025781 0.045833
8 0.734375 0.340972 0.060937 0.036111
