4 0.414062 0.445833 0.015625 0.027778
8 0.414062 0.400000 0.060937 0.036111
3 0.878125 0.763889 0.018750 0.033333
8 0.878125 0.715278 0.060937 0.036111
3 0.828906 0.652778 0.024219 0.043056
8 0.828906 0.599306 0.060937 0.036111
1 0.146094 0.248611 0.026562 0.047222
8 0.146094 0.193056 0.060937 0.036111
2 0.699219 0.705556 0.022656 0.040278
8 0.699219 0.653472 0.060937 0.036111
7 0.500781 0.426389 0.026562 0.047222
8 0.500781 0.370833 0.060937 0.036111
1 0.500000 0.756944 0.025781 0.045833
8 0.500000 0.702083 0.060937 0.036111
0 0.309375 0.518056 0.025781 0.045833
8 0.309375 0.463194 0.060937 0.036111
