0 0.779687 0.288889 0.025781 0.045833
8 0.779687 0.234028 0.060937 0.036111
6 0.157031 0.687500 0.016406 0.029167
8 0.157031 0.640972 0.060937 0.036111
2 0.643750 0.713889 0.027344 0.048611
8 0.643750 0.657639 0.060937 0.036111
2 0.710156 0.180556 0.017188 0.030556
8 0.710156 0.133333 0.060937 0.036111
4 0.562500 0.176389 0.023438 0.041667
8 0.562500 0.123611 0.060937 0.036111
3 0.682031 0.812500 0.018750 0.033333
8 0.682031 0.861111 0.060937 0.036111
1 0.307812 0.673611 0.024219 0.043056
8 0.307812 0.620139 0.060937 0.036111
3 0.417969 0.504167 0.025000 0.044444
8 0.417969 0.450000 0.060937 0.036111
