7 0.353906 0.562500 0.026562 0.047222
8 0.353906 0.506944 0.060937 0.036111
4 0.678906 0.504167 0.022656 0.040278
8 0.678906 0.452083 0.060937 0.036111
2 0.453125 0.661111 0.027344 0.048611
8 0.453125 0.604861 0.060937 0.036111
3 0.614062 0.401389 0.022656 0.040278
8 0.566016 0.401389 0.060937 0.036111
1 0.578125 0.695833 0.016406 0.029167
8 0.578125 0.649306 0.060937 0.036111
1 0.636719 0.368056 0.021875 0.038889
8 0.636719 0.316667 0.060937 0.036111
0 0.832031 0.784722 0.019531 0.034722
8 0.832031 0.735417 0.060937 0.036111
0 0.307031 0.406944 0.027344 0.048611
8 0.307031 0.350694 0.060937 0.036111
