6 0.142187 0.673611 0.022656 0.040278
8 0.142187 0.621528 0.060937 0.036111
3 0.730469 0.350000 0.021875 0.038889
8 0.730469 0.298611 0.060937 0.036111
1 0.865625 0.526389 0.024219 0.043056
8 0.865625 0.472917 0.060937 0.036111
6 0.422656 0.256944 0.017969 0.031944
8 0.422656 0.209028 0.060937 0.036111
0 0.151562 0.180556 0.026562 0.047222
8 0.151562 0.125000 0.060937 0.036111
1 0.449219 0.808333 0.025781 0.045833
8 0.449219 0.753472 0.060937 0.036111
3 0.342969 0.623611 0.017969 0.031944
8 0.342969 0.575694 0.060937 0.036111
1 0.717187 0.701389 0.017188 0.030556
8 0.717187 0.654167 0.060937 0.036111
