2 0.587500 0.605556 0.018750 0.033333
8 0.587500 0.556944 0.059375 0.036111
5 0.114062 0.473611 0.015625 0.027778
8 0.114062 0.519444 0.060937 0.036111
0 0.456250 0.269444 0.017969 0.031944
8 0.456250 0.221528 0.060937 0.036111
6 0.353125 0.297222 0.024219 0.043056
8 0.353125 0.243750 0.059375 0.036111
1 0.771875 0.227778 0.016406 0.029167
8 0.771875 0.181250 0.059375 0.036111
2 0.085938 0.443056 0.027344 0.048611
8 0.085938 0.386806 0.060937 0.036111
2 0.507031 0.204167 0.024219 0.043056
8 0.507031 0.150694 0.060937 0.036111
2 0.542188 0.240278 0.016406 0.029167
8 0.542188 0.286806 0.060937 0.036111
