4 0.549219 0.373611 0.018750 0.033333
8 0.549219 0.325000 0.059375 0.036111
0 0.607031 0.209722 0.017188 0.030556
8 0.607031 0.162500 0.060937 0.036111
1 0.741406 0.469444 0.017188 0.030556
8 0.741406 0.422222 0.060937 0.036111
1 0.369531 0.670833 0.020313 0.036111
8 0.369531 0.620833 0.060937 0.036111
3 0.857812 0.608333 0.020313 0.036111
8 0.857812 0.558333 0.060937 0.036111
1 0.647656 0.372222 0.018750 0.033333
8 0.647656 0.323611 0.060937 0.036111
0 0.121875 0.593056 0.022656 0.040278
8 0.121875 0.540972 0.060937 0.036111
2 0.362500 0.875000 0.019531 0.034722
8 0.362500 0.825694 0.060937 0.036111
6 0.403125 0.711111 0.020313 0.036111
8 0.403125 0.761111 0.060937 0.036111
