0 0.570312 0.668056 0.023438 0.041667
8 0.570312 0.615278 0.060937 0.036111
7 0.425000 0.415278 0.015625 0.027778
8 0.425000 0.369444 0.060937 0.036111
0 0.832031 0.265278 0.021094 0.037500
8 0.832031 0.315972 0.060937 0.036111
5 0.507812 0.316667 0.027344 0.048611
8 0.507812 0.260417 0.060937 0.036111
0 0.689063 0.304167 0.026562 0.047222
8 0.689063 0.359722 0.060937 0.036111
1 0.202344 0.758333 0.021094 0.037500
8 0.202344 0.707639 0.060937 0.036111
1 0.867188 0.247222 0.015625 0.027778
8 0.867188 0.201389 0.060937 0.036111
1 0.670312 0.269444 0.016406 0.029167
8 0.670312 0.222917 0.057813 0.036111
