3 0.606250 0.463889 0.017188 0.030556
8 0.606250 0.416667 0.060937 0.036111
2 0.130469 0.405556 0.017969 0.031944
8 0.130469 0.357639 0.060937 0.036111
2 0.475781 0.219444 0.024219 0.043056
8 0.475781 0.165972 0.060937 0.036111
5 0.571094 0.213889 0.025781 0.045833
8 0.571094 0.159028 0.060937 0.036111
3 0.184375 0.527778 0.015625 0.027778
8 0.184375 0.481944 0.060937 0.036111
2 0.794531 0.506944 0.017969 0.031944
8 0.794531 0.459028 0.060937 0.036111
4 0.835938 0.647222 0.025781 0.045833
8 0.835938 0.592361 0.060937 0.036111
