2 0.492188 0.695833 0.017188 0.030556
8 0.492188 0.648611 0.060937 0.036111
1 0.178906 0.211111 0.023438 0.041667
8 0.178906 0.158333 0.060937 0.036111
4 0.173437 0.680556 0.015625 0.027778
8 0.173437 0.634722 0.059375 0.036111
6 0.410938 0.445833 0.018750 0.033333
8 0.410938 0.397222 0.060937 0.036111
2 0.255469 0.826389 0.016406 0.029167
8 0.255469 0.779861 0.060937 0.036111
3 0.119531 0.840278 0.015625 0.027778
8 0.119531 0.794444 0.060937 0.036111
1 0.146875 0.888889 0.023438 0.041667
8 0.146875 0.941667 0.060937 0.036111
