2 0.673438 0.876389 0.024219 0.043056
8 0.673438 0.822917 0.060937 0.036111
6 0.802344 0.483333 0.022656 0.040278
8 0.802344 0.431250 0.060937 0.036111
4 0.185938 0.408333 0.019531 0.034722
8 0.185938 0.359028 0.060937 0.036111
1 0.285156 0.195833 0.016406 0.029167
8 0.285156 0.149306 0.060937 0.036111
3 0.707812 0.487500 0.020313 0.036111
8 0.707812 0.437500 0.060937 0.036111
2 0.395313 0.787500 0.024219 0.043056
8 0.395313 0.734028 0.060937 0.036111
1 0.810156 0.758333 0.022656 0.040278
8 0.810156 0.706250 0.060937 0.036111
3 0.781250 0.247222 0.016406 0.029167
8 0.781250 0.200694 0.060937 0.036111
