3 0.356250 0.861111 0.017969 0.031944
8 0.356250 0.813194 0.060937 0.036111
3 0.312500 0.494444 0.027344 0.048611
8 0.312500 0.438194 0.060937 0.036111
4 0.398438 0.723611 0.026562 0.047222
8 0.398438 0.668056 0.060937 0.036111
1 0.539844 0.731944 0.021094 0.037500
8 0.539844 0.681250 0.060937 0.036111
1 0.427344 0.291667 0.025000 0.044444
8 0.427344 0.237500 0.059375 0.036111
3 0.138281 0.427778 0.018750 0.033333
8 0.138281 0.379167 0.060937 0.036111
6 0.506250 0.605556 0.017188 0.030556
8 0.506250 0.558333 0.060937 0.036111
2 0.795312 0.725000 0.016406 0.029167
8 0.795312 0.678472 0.060937 0.036111
