5 0.559375 0.377778 0.027344 0.048611
8 0.559375 0.321528 0.060937 0.036111
2 0.450000 0.351389 0.021875 0.038889
8 0.450000 0.300000 0.060937 0.036111
7 0.387500 0.459722 0.015625 0.027778
8 0.387500 0.413889 0.060937 0.036111
3 0.709375 0.700000 0.024219 0.043056
8 0.709375 0.646528 0.060937 0.036111
1 0.407813 0.462500 0.017188 0.030556
8 0.407813 0.509722 0.060937 0.036111
2 0.916406 0.556944 0.027344 0.048611
8 0.916406 0.500694 0.060937 0.036111
0 0.829688 0.431944 0.024219 0.043056
8 0.829688 0.378472 0.060937 0.036111
2 0.771094 0.179167 0.023438 0.041667
8 0.771094 0.126389 0.060937 0.036111
