3 0.532813 0.629167 0.015625 0.027778
8 0.532813 0.583333 0.060937 0.036111
0 0.342187 0.525000 0.022656 0.040278
8 0.342187 0.472917 0.060937 0.036111
2 0.261719 0.408333 0.027344 0.048611
8 0.261719 0.352083 0.060937 0.036111
7 0.153125 0.534722 0.019531 0.034722
8 0.153125 0.485417 0.060937 0.036111
2 0.238281 0.272222 0.023438 0.041667
8 0.238281 0.219444 0.060937 0.036111
3 0.428906 0.765278 0.017969 0.031944
8 0.428906 0.717361 0.060937 0.036111
1 0.878125 0.779167 0.016406 0.029167
8 0.878125 0.732639 0.060937 0.036111
2 0.314063 0.608333 0.020313 0.036111
8 0.314063 0.658333 0.060937 0.036111
1 0.613281 0.791667 0.023438 0.041667
8 0.613281 0.738889 0.060937 0.036111
4 0.865625 0.650000 0.020313 0.036111
8 0.865625 0.600000 0.060937 0.036111
