3 0.742188 0.752778 0.025000 0.044444
8 0.742188 0.698611 0.060937 0.036111
3 0.732031 0.594444 0.024219 0.043056
8 0.732031 0.540972 0.060937 0.036111
2 0.642188 0.801389 0.017188 0.030556
8 0.642188 0.754167 0.060937 0.036111
7 0.762500 0.620833 0.018750 0.033333
8 0.807813 0.620833 0.059375 0.036111
2 0.226562 0.494444 0.026562 0.047222
8 0.226562 0.438889 0.060937 0.036111
2 0.084375 0.468056 0.021875 0.038889
8 0.084375 0.416667 0.060937 0.036111
1 0.645312 0.279167 0.026562 0.047222
8 0.645312 0.223611 0.060937 0.036111
5 0.150781 0.237500 0.025000 0.044444
8 0.150781 0.183333 0.060937 0.036111
0 0.590625 0.283333 0.022656 0.040278
8 0.590625 0.335417 0.060937 0.036111
