3 0.899219 0.323611 0.024219 0.043056
8 0.899219 0.270139 0.060937 0.036111
7 0.399219 0.280556 0.018750 0.033333
8 0.399219 0.329167 0.060937 0.036111
1 0.352344 0.355556 0.018750 0.033333
8 0.352344 0.404167 0.060937 0.036111
4 0.437500 0.202778 0.027344 0.048611
8 0.437500 0.146528 0.060937 0.036111
0 0.419531 0.551389 0.024219 0.043056
8 0.419531 0.497917 0.060937 0.036111
0 0.100781 0.583333 0.020313 0.036111
8 0.100781 0.533333 0.060937 0.036111
1 0.670312 0.813889 0.025000 0.044444
8 0.670312 0.759722 0.060937 0.036111
2 0.919531 0.731944 0.022656 0.040278
8 0.919531 0.679861 0.060937 0.036111
