3 0.808594 0.590278 0.027344 0.048611
8 0.808594 0.534028 0.060937 0.036111
0 0.728125 0.241667 0.017188 0.030556
8 0.728125 0.194444 0.060937 0.036111
3 0.410156 0.337500 0.017188 0.030556
8 0.410156 0.290278 0.060937 0.036111
0 0.861719 0.425000 0.024219 0.043056
8 0.861719 0.371528 0.060937 0.036111
3 0.735938 0.598611 0.023438 0.041667
8 0.735938 0.545833 0.060937 0.036111
7 0.692187 0.822222 0.018750 0.033333
8 0.692187 0.773611 0.060937 0.036111
4 0.171875 0.851389 0.020313 0.036111
8 0.171875 0.801389 0.060937 0.036111
