0 0.717969 0.536111 0.022656 0.040278
8 0.717969 0.484028 0.060937 0.036111
6 0.089063 0.430556 0.023438 0.041667
8 0.089063 0.377778 0.060937 0.036111
1 0.838281 0.775000 0.026562 0.047222
8 0.838281 0.719444 0.060937 0.036111
7 0.652344 0.773611 0.027344 0.048611
8 0.652344 0.717361 0.060937 0.036111
0 0.795312 0.886111 0.018750 0.033333
8 0.795312 0.837500 0.060937 0.036111
1 0.904687 0.416667 0.025000 0.044444
8 0.904687 0.362500 0.060937 0.036111
2 0.735156 0.883333 0.025781 0.045833
8 0.735156 0.938194 0.060937 0.036111
