0 0.294531 0.765278 0.023438 0.041667
8 0.294531 0.712500 0.060937 0.036111
5 0.685156 0.726389 0.027344 0.048611
8 0.685156 0.670139 0.060937 0.036111
3 0.821875 0.487500 0.020313 0.036111
8 0.821875 0.437500 0.060937 0.036111
1 0.548438 0.538889 0.020313 0.036111
8 0.548438 0.488889 0.060937 0.036111
2 0.833594 0.229167 0.020313 0.036111
8 0.833594 0.179167 0.060937 0.036111
7 0.271875 0.538889 0.022656 0.040278
8 0.271875 0.486806 0.060937 0.036111
3 0.309375 0.406944 0.025000 0.044444
8 0.309375 0.352778 0.060937 0.036111
