6 0.831250 0.454167 0.017969 0.031944
8 0.831250 0.406250 0.060937 0.036111
4 0.502344 0.826389 0.026562 0.047222
8 0.502344 0.770833 0.060937 0.036111
3 0.389844 0.686111 0.021094 0.037500
8 0.389844 0.635417 0.060937 0.036111
1 0.684375 0.520833 0.022656 0.040278
8 0.684375 0.468750 0.059375 0.036111
3 0.154688 0.747222 0.026562 0.047222
8 0.154688 0.691667 0.060937 0.036111
2 0.897656 0.612500 0.021094 0.037500
8 0.897656 0.561806 0.060937 0.036111
3 0.241406 0.523611 0.023438 0.041667
8 0.241406 0.470833 0.060937 0.036111
