2 0.309375 0.472222 0.025000 0.044444
8 0.309375 0.418056 0.060937 0.036111
7 0.132031 0.459722 0.016406 0.029167
8 0.132031 0.413194 0.060937 0.036111
2 0.195312 0.630556 0.025000 0.044444
8 0.195312 0.576389 0.060937 0.036111
1 0.207813 0.491667 0.022656 0.040278
8 0.207813 0.439583 0.060937 0.036111
1 0.397656 0.834722 0.027344 0.048611
8 0.397656 0.778472 0.060937 0.036111
4 0.664062 0.376389 0.026562 0.047222
8 0.664062 0.320833 0.060937 0.036111
0 0.397656 0.686111 0.020313 0.036111
8 0.397656 0.636111 0.060937 0.036111
0 0.446094 0.245833 0.018750 0.033333
8 0.446094 0.197222 0.060937 0.036111
3 0.747656 0.754167 0.016406 0.029167
8 0.747656 0.707639 0.060937 0.036111
2 0.278125 0.793056 0.025781 0.045833
8 0.278125 0.738194 0.060937 0.036111
