1 0.105469 0.629167 0.019531 0.034722
8 0.105469 0.678472 0.060937 0.036111
4 0.196875 0.570833 0.020313 0.036111
8 0.196875 0.520833 0.060937 0.036111
4 0.573438 0.804167 0.027344 0.048611
8 0.573438 0.747917 0.060937 0.036111
3 0.695312 0.498611 0.026562 0.047222
8 0.695312 0.443056 0.060937 0.036111
3 0.307812 0.566667 0.027344 0.048611
8 0.307812 0.622917 0.060937 0.036111
1 0.335156 0.512500 0.019531 0.034722
8 0.335156 0.463194 0.060937 0.036111
1 0.118750 0.591667 0.016406 0.029167
8 0.118750 0.545139 0.059375 0.036111
1 0.857812 0.658333 0.017188 0.030556
8 0.857812 0.611111 0.060937 0.036111
2 0.746875 0.634722 0.017969 0.031944
8 0.746875 0.586806 0.060937 0.036111
2 0.511719 0.370833 0.018750 0.033333
8 0.511719 0.322222 0.060937 0.036111
