0 0.800781 0.876389 0.027344 0.048611
8 0.800781 0.820139 0.060937 0.036111
5 0.110937 0.877778 0.016406 0.029167
8 0.110937 0.831250 0.060937 0.036111
5 0.583594 0.690278 0.024219 0.043056
8 0.583594 0.636806 0.060937 0.036111
3 0.466406 0.372222 0.021094 0.037500
8 0.466406 0.321528 0.060937 0.036111
2 0.271875 0.466667 0.021094 0.037500
8 0.271875 0.415972 0.060937 0.036111
0 0.450781 0.681944 0.025000 0.044444
8 0.450781 0.627778 0.060937 0.036111
0 0.682813 0.679167 0.020313 0.036111
8 0.682813 0.629167 0.060937 0.036111
3 0.560156 0.398611 0.016406 0.029167
8 0.560156 0.352083 0.060937 0.036111
