5 0.901563 0.168056 0.025781 0.045833
8 0.901563 0.113194 0.060937 0.036111
0 0.204687 0.695833 0.018750 0.033333
8 0.204687 0.647222 0.060937 0.036111
6 0.125781 0.854167 0.023438 0.041667
8 0.125781 0.801389 0.060937 0.036111
1 0.860938 0.612500 0.019531 0.034722
8 0.860938 0.563194 0.060937 0.036111
3 0.216406 0.272222 0.017969 0.031944
8 0.216406 0.224306 0.060937 0.036111
0 0.765625 0.751389 0.020313 0.036111
8 0.765625 0.701389 0.060937 0.036111
3 0.287500 0.331944 0.017969 0.031944
8 0.287500 0.284028 0.060937 0.036111
