0 0.880469 0.337500 0.021875 0.038889
8 0.832812 0.337500 0.060937 0.036111
2 0.847656 0.261111 0.025781 0.045833
8 0.847656 0.206250 0.060937 0.036111
0 0.909375 0.780556 0.026562 0.047222
8 0.909375 0.725000 0.059375 0.036111
3 0.782031 0.716667 0.015625 0.027778
8 0.782031 0.670833 0.060937 0.036111
4 0.179688 0.440278 0.027344 0.048611
8 0.179688 0.384028 0.060937 0.036111
1 0.786719 0.784722 0.022656 0.040278
8 0.786719 0.836806 0.060937 0.036111
2 0.919531 0.366667 0.018750 0.033333
8 0.919531 0.415278 0.060937 0.036111
7 0.463281 0.676389 0.017969 0.031944
8 0.463281 0.628472 0.060937 0.036111
1 0.285938 0.455556 0.017188 0.030556
8 0.285938 0.408333 0.060937 0.036111
