1 0.357031 0.212500 0.019531 0.034722
8 0.357031 0.163194 0.060937 0.036111
3 0.580469 0.500000 0.015625 0.027778
8 0.580469 0.454167 0.060937 0.036111
1 0.198437 0.838889 0.026562 0.047222
8 0.198437 0.783333 0.057813 0.036111
1 0.203125 0.462500 0.026562 0.047222
8 0.203125 0.406944 0.060937 0.036111
4 0.847656 0.377778 0.021875 0.038889
8 0.847656 0.326389 0.060937 0.036111
2 0.173437 0.506944 0.024219 0.043056
8 0.173437 0.560417 0.060937 0.036111
7 0.271875 0.847222 0.025781 0.045833
8 0.271875 0.792361 0.060937 0.036111
