2 0.228906 0.638889 0.017188 0.030556
8 0.228906 0.591667 0.060937 0.036111
2 0.716406 0.825000 0.016406 0.029167
8 0.716406 0.778472 0.060937 0.036111
4 0.141406 0.759722 0.021094 0.037500
8 0.141406 0.709028 0.060937 0.036111
7 0.223438 0.738889 0.018750 0.033333
8 0.223438 0.690278 0.060937 0.036111
2 0.843750 0.394444 0.019531 0.034722
8 0.843750 0.345139 0.060937 0.036111
3 0.388281 0.502778 0.017188 0.030556
8 0.388281 0.455556 0.060937 0.036111
1 0.776563 0.175000 0.020313 0.036111
8 0.776563 0.125000 0.059375 0.036111
3 0.650000 0.655556 0.017969 0.031944
8 0.650000 0.607639 0.060937 0.036111
3 0.839844 0.659722 0.019531 0.034722
8 0.839844 0.610417 0.060937 0.036111
3 0.515625 0.830556 0.020313 0.036111
8 0.515625 0.780556 0.060937 0.036111
