5 0.303125 0.340278 0.019531 0.034722
8 0.303125 0.290972 0.060937 0.036111
6 0.507812 0.748611 0.021875 0.038889
8 0.507812 0.697222 0.060937 0.036111
0 0.655469 0.309722 0.018750 0.033333
8 0.655469 0.261111 0.060937 0.036111
0 0.518750 0.247222 0.024219 0.043056
8 0.518750 0.193750 0.060937 0.036111
3 0.542969 0.825000 0.027344 0.048611
8 0.542969 0.881250 0.060937 0.036111
3 0.153125 0.795833 0.017969 0.031944
8 0.153125 0.747917 0.060937 0.036111
1 0.328906 0.559722 0.021875 0.038889
8 0.328906 0.508333 0.060937 0.036111
