2 0.456250 0.337500 0.021875 0.038889
8 0.456250 0.286111 0.060937 0.036111
0 0.716406 0.743056 0.025781 0.045833
8 0.716406 0.797917 0.059375 0.036111
1 0.868750 0.202778 0.018750 0.033333
8 0.868750 0.154167 0.060937 0.036111
6 0.752344 0.687500 0.025781 0.045833
8 0.752344 0.632639 0.060937 0.036111
0 0.914844 0.445833 0.016406 0.029167
8 0.914844 0.399306 0.060937 0.036111
1 0.875781 0.345833 0.026562 0.047222
8 0.875781 0.290278 0.060937 0.036111
1 0.794531 0.708333 0.026562 0.047222
8 0.794531 0.763889 0.060937 0.036111
6 0.887500 0.788889 0.021094 0.037500
8 0.887500 0.738194 0.060937 0.036111
