2 0.816406 0.338889 0.027344 0.048611
8 0.816406 0.282639 0.060937 0.036111
3 0.729688 0.722222 0.015625 0.027778
8 0.729688 0.676389 0.060937 0.036111
2 0.887500 0.193056 0.017188 0.030556
8 0.887500 0.145833 0.060937 0.036111
0 0.206250 0.427778 0.026562 0.047222
8 0.206250 0.372222 0.060937 0.036111
7 0.334375 0.412500 0.024219 0.043056
8 0.334375 0.359028 0.060937 0.036111
2 0.710938 0.834722 0.019531 0.034722
8 0.710938 0.785417 0.060937 0.036111
2 0.578125 0.241667 0.019531 0.034722
8 0.578125 0.192361 0.060937 0.036111
5 0.720313 0.331944 0.020313 0.036111
8 0.720313 0.281944 0.060937 0.036111
