0 0.312500 0.645833 0.017969 0.031944
8 0.312500 0.597917 0.060937 0.036111
4 0.542188 0.377778 0.017969 0.031944
8 0.542188 0.329861 0.060937 0.036111
6 0.875781 0.597222 0.022656 0.040278
8 0.875781 0.545139 0.060937 0.036111
1 0.272656 0.395833 0.025781 0.045833
8 0.272656 0.340972 0.060937 0.036111
2 0.398438 0.825000 0.021094 0.037500
8 0.398438 0.774306 0.060937 0.036111
2 0.105469 0.691667 0.020313 0.036111
8 0.105469 0.641667 0.060937 0.036111
1 0.430469 0.348611 0.021875 0.038889
8 0.430469 0.297222 0.059375 0.036111
