1 0.755469 0.334722 0.023438 0.041667
8 0.755469 0.281944 0.060937 0.036111
7 0.370312 0.479167 0.024219 0.043056
8 0.370312 0.425694 0.060937 0.036111
1 0.704688 0.265278 0.024219 0.043056
8 0.704688 0.211806 0.060937 0.036111
5 0.558594 0.855556 0.026562 0.047222
8 0.558594 0.800000 0.060937 0.036111
1 0.820312 0.468056 0.022656 0.040278
8 0.820312 0.415972 0.060937 0.036111
2 0.218750 0.697222 0.025781 0.045833
8 0.218750 0.642361 0.060937 0.036111
2 0.575781 0.605556 0.021094 0.037500
8 0.575781 0.554861 0.059375 0.036111
