4 0.738281 0.388889 0.017188 0.030556
8 0.738281 0.341667 0.060937 0.036111
2 0.398438 0.643056 0.027344 0.048611
8 0.398438 0.586806 0.060937 0.036111
3 0.508594 0.665278 0.023438 0.041667
8 0.508594 0.612500 0.060937 0.036111
0 0.373437 0.695833 0.021094 0.037500
8 0.373437 0.746528 0.060937 0.036111
3 0.475781 0.883333 0.017188 0.030556
8 0.475781 0.836111 0.060937 0.036111
1 0.528125 0.362500 0.022656 0.040278
8 0.528125 0.310417 0.060937 0.036111
1 0.398438 0.184722 0.026562 0.047222
8 0.398438 0.129167 0.060937 0.036111
0 0.802344 0.816667 0.021094 0.037500
8 0.802344 0.765972 0.060937 0.036111
4 0.175781 0.434722 0.025000 0.044444
8 0.175781 0.380556 0.060937 0.036111
3 0.100000 0.230556 0.027344 0.048611
8 0.100000 0.174306 0.060937 0.036111
