0 0.263281 0.550000 0.024219 0.043056
8 0.263281 0.496528 0.060937 0.036111
5 0.400000 0.602778 0.025781 0.045833
8 0.400000 0.547917 0.060937 0.036111
1 0.653906 0.670833 0.024219 0.043056
8 0.653906 0.617361 0.060937 0.036111
1 0.210156 0.737500 0.017188 0.030556
8 0.210156 0.690278 0.060937 0.036111
2 0.109375 0.645833 0.018750 0.033333
8 0.109375 0.597222 0.060937 0.036111
7 0.247656 0.256944 0.021875 0.038889
8 0.247656 0.205556 0.060937 0.036111
0 0.744531 0.651389 0.025781 0.045833
8 0.744531 0.596528 0.060937 0.036111
3 0.159375 0.398611 0.017969 0.031944
8 0.159375 0.350694 0.060937 0.036111
