3 0.439063 0.791667 0.027344 0.048611
8 0.439063 0.735417 0.060937 0.036111
2 0.892188 0.325000 0.020313 0.036111
8 0.892188 0.375000 0.060937 0.036111
3 0.231250 0.837500 0.016406 0.029167
8 0.231250 0.790972 0.060937 0.036111
5 0.848437 0.318056 0.020313 0.036111
8 0.848437 0.268056 0.060937 0.036111
3 0.584375 0.559722 0.023438 0.041667
8 0.584375 0.506944 0.060937 0.036111
0 0.615625 0.363889 0.027344 0.048611
8 0.615625 0.307639 0.060937 0.036111
7 0.733594 0.713889 0.024219 0.043056
8 0.733594 0.660417 0.060937 0.036111
0 0.911719 0.877778 0.017188 0.030556
8 0.911719 0.830556 0.060937 0.036111
0 0.199219 0.419444 0.024219 0.043056
8 0.199219 0.365972 0.060937 0.036111
