2 0.323437 0.691667 0.020313 0.036111
8 0.323437 0.641667 0.060937 0.036111
3 0.917969 0.209722 0.015625 0.027778
8 0.917969 0.163889 0.060937 0.036111
6 0.598437 0.533333 0.016406 0.029167
8 0.598437 0.486806 0.060937 0.036111
1 0.469531 0.534722 0.022656 0.040278
8 0.469531 0.482639 0.060937 0.036111
4 0.099219 0.758333 0.015625 0.027778
8 0.099219 0.712500 0.060937 0.036111
1 0.653906 0.243056 0.025000 0.044444
8 0.653906 0.188889 0.060937 0.036111
1 0.853125 0.861111 0.017188 0.030556
8 0.853125 0.813889 0.060937 0.036111
