2 0.408594 0.806944 0.024219 0.043056
8 0.408594 0.753472 0.060937 0.036111
2 0.739844 0.258333 0.017188 0.030556
8 0.739844 0.211111 0.060937 0.036111
6 0.900000 0.245833 0.027344 0.048611
8 0.900000 0.189583 0.060937 0.036111
4 0.623437 0.501389 0.017969 0.031944
8 0.623437 0.453472 0.060937 0.036111
1 0.757031 0.676389 0.027344 0.048611
8 0.757031 0.620139 0.060937 0.036111
3 0.802344 0.366667 0.019531 0.034722
8 0.802344 0.317361 0.060937 0.036111
2 0.894531 0.587500 0.020313 0.036111
8 0.894531 0.537500 0.060937 0.036111
2 0.796875 0.740278 0.017969 0.031944
8 0.796875 0.788194 0.060937 0.036111
1 0.346875 0.380556 0.024219 0.043056
8 0.346875 0.327083 0.060937 0.036111
0 0.855469 0.348611 0.021094 0.037500
8 0.855469 0.399306 0.060937 0.036111
