5 0.269531 0.881944 0.024219 0.043056
8 0.269531 0.828472 0.060937 0.036111
3 0.710156 0.330556 0.019531 0.034722
8 0.710156 0.281250 0.060937 0.036111
1 0.896875 0.197222 0.025781 0.045833
8 0.896875 0.142361 0.060937 0.036111
1 0.396875 0.236111 0.017969 0.031944
8 0.396875 0.188194 0.060937 0.036111
1 0.665625 0.387500 0.018750 0.033333
8 0.665625 0.436111 0.059375 0.036111
3 0.905469 0.794444 0.022656 0.040278
8 0.905469 0.742361 0.060937 0.036111
2 0.123438 0.386111 0.022656 0.040278
8 0.123438 0.334028 0.060937 0.036111
2 0.656250 0.851389 0.023438 0.041667
8 0.656250 0.798611 0.060937 0.036111
4 0.173437 0.743056 0.018750 0.033333
8 0.173437 0.694444 0.060937 0.036111
