5 0.760938 0.865278 0.019531 0.034722
8 0.760938 0.815972 0.060937 0.036111
7 0.635938 0.184722 0.021875 0.038889
8 0.635938 0.133333 0.060937 0.036111
1 0.782813 0.508333 0.022656 0.040278
8 0.782813 0.456250 0.060937 0.036111
1 0.906250 0.212500 0.016406 0.029167
8 0.906250 0.165972 0.060937 0.036111
2 0.224219 0.852778 0.025781 0.045833
8 0.224219 0.797917 0.060937 0.036111
3 0.270313 0.505556 0.024219 0.043056
8 0.270313 0.452083 0.060937 0.036111
1 0.476562 0.565278 0.026562 0.047222
8 0.476562 0.509722 0.060937 0.036111
0 0.521094 0.426389 0.017969 0.031944
8 0.521094 0.378472 0.060937 0.036111
0 0.486719 0.650000 0.027344 0.048611
8 0.486719 0.706250 0.060937 0.036111
1 0.185938 0.745833 0.024219 0.043056
8 0.185938 0.692361 0.060937 0.036111
