1 0.161719 0.406944 0.015625 0.027778
8 0.161719 0.452778 0.060937 0.036111
4 0.276562 0.384722 0.025781 0.045833
8 0.276562 0.329861 0.060937 0.036111
1 0.171094 0.356944 0.023438 0.041667
8 0.171094 0.304167 0.060937 0.036111
3 0.171094 0.623611 0.021875 0.038889
8 0.171094 0.572222 0.060937 0.036111
1 0.646094 0.294444 0.024219 0.043056
8 0.646094 0.240972 0.060937 0.036111
3 0.380469 0.462500 0.015625 0.027778
8 0.380469 0.416667 0.060937 0.036111
2 0.283594 0.836111 0.023438 0.041667
8 0.283594 0.783333 0.060937 0.036111
4 0.135156 0.252778 0.023438 0.041667
8 0.135156 0.200000 0.060937 0.036111
