3 0.412500 0.584722 0.025781 0.045833
8 0.412500 0.529861 0.060937 0.036111
2 0.505469 0.641667 0.026562 0.047222
8 0.505469 0.586111 0.060937 0.036111
6 0.601562 0.198611 0.021094 0.037500
8 0.601562 0.147917 0.060937 0.036111
3 0.567969 0.511111 0.017188 0.030556
8 0.567969 0.463889 0.060937 0.036111
3 0.267188 0.565278 0.022656 0.040278
8 0.267188 0.513194 0.060937 0.036111
2 0.095312 0.794444 0.025781 0.045833
8 0.095312 0.739583 0.060937 0.036111
1 0.419531 0.450000 0.026562 0.047222
8 0.469531 0.450000 0.060937 0.036111
7 0.382812 0.401389 0.027344 0.048611
8 0.382812 0.345139 0.060937 0.036111
