3 0.653125 0.402778 0.016406 0.029167
8 0.653125 0.356250 0.060937 0.036111
2 0.860938 0.769444 0.020313 0.036111
8 0.860938 0.719444 0.060937 0.036111
1 0.314063 0.477778 0.025781 0.045833
8 0.314063 0.532639 0.060937 0.036111
2 0.185156 0.409722 0.024219 0.043056
8 0.185156 0.356250 0.060937 0.036111
0 0.265625 0.297222 0.015625 0.027778
8 0.265625 0.251389 0.060937 0.036111
4 0.309375 0.411111 0.015625 0.027778
8 0.309375 0.365278 0.060937 0.036111
2 0.200781 0.211111 0.018750 0.033333
8 0.200781 0.162500 0.060937 0.036111
0 0.214844 0.777778 0.022656 0.040278
8 0.214844 0.829861 0.060937 0.036111
1 0.753125 0.883333 0.019531 0.034722
8 0.753125 0.834028 0.060937 0.036111
7 0.183594 0.712500 0.027344 0.048611
8 0.183594 0.656250 0.060937 0.036111
