2 0.372656 0.855556 0.017188 0.030556
8 0.417969 0.855556 0.060937 0.036111
2 0.500781 0.343056 0.016406 0.029167
8 0.500781 0.296528 0.060937 0.036111
3 0.342969 0.854167 0.023438 0.041667
8 0.342969 0.801389 0.060937 0.036111
3 0.810937 0.288889 0.019531 0.034722
8 0.810937 0.239583 0.060937 0.036111
7 0.439063 0.587500 0.024219 0.043056
8 0.439063 0.534028 0.060937 0.036111
1 0.609375 0.583333 0.015625 0.027778
8 0.609375 0.537500 0.060937 0.036111
4 0.489063 0.851389 0.022656 0.040278
8 0.489063 0.799306 0.060937 0.036111
