2 0.355469 0.369444 0.020313 0.036111
8 0.355469 0.419444 0.060937 0.036111
2 0.317188 0.305556 0.021875 0.038889
8 0.317188 0.254167 0.060937 0.036111
1 0.591406 0.547222 0.023438 0.041667
8 0.591406 0.494444 0.059375 0.036111
0 0.450000 0.865278 0.018750 0.033333
8 0.450000 0.816667 0.060937 0.036111
6 0.852344 0.202778 0.025781 0.045833
8 0.852344 0.147917 0.060937 0.036111
6 0.161719 0.497222 0.016406 0.029167
8 0.161719 0.543750 0.060937 0.036111
1 0.451562 0.251389 0.017188 0.030556
8 0.451562 0.204167 0.060937 0.036111
2 0.889062 0.622222 0.017969 0.031944
8 0.889062 0.574306 0.060937 0.036111
1 0.200000 0.408333 0.017188 0.030556
8 0.200000 0.361111 0.060937 0.036111
