1 0.626563 0.263889 0.023438 0.041667
8 0.626563 0.211111 0.060937 0.036111
2 0.160156 0.537500 0.019531 0.034722
8 0.160156 0.488194 0.060937 0.036111
4 0.329688 0.540278 0.018750 0.033333
8 0.329688 0.588889 0.060937 0.036111
1 0.366406 0.812500 0.015625 0.027778
8 0.366406 0.766667 0.060937 0.036111
0 0.315625 0.456944 0.016406 0.029167
8 0.315625 0.410417 0.060937 0.036111
7 0.316406 0.881944 0.021094 0.037500
8 0.316406 0.831250 0.060937 0.036111
1 0.873437 0.487500 0.017188 0.030556
8 0.873437 0.440278 0.059375 0.036111
