5 0.825781 0.856944 0.021875 0.038889
8 0.825781 0.805556 0.060937 0.036111
3 0.630469 0.780556 0.016406 0.029167
8 0.630469 0.734028 0.060937 0.036111
5 0.843750 0.686111 0.019531 0.034722
8 0.843750 0.636806 0.060937 0.036111
1 0.673438 0.466667 0.016406 0.029167
8 0.673438 0.420139 0.060937 0.036111
2 0.555469 0.734722 0.017188 0.030556
8 0.555469 0.687500 0.060937 0.036111
3 0.476562 0.315278 0.025000 0.044444
8 0.476562 0.261111 0.060937 0.036111
3 0.144531 0.386111 0.020313 0.036111
8 0.144531 0.336111 0.060937 0.036111
