2 0.214844 0.252778 0.020313 0.036111
8 0.214844 0.202778 0.060937 0.036111
5 0.130469 0.270833 0.026562 0.047222
8 0.130469 0.215278 0.060937 0.036111
2 0.181250 0.755556 0.016406 0.029167
8 0.181250 0.802083 0.060937 0.036111
1 0.521094 0.608333 0.017969 0.031944
8 0.521094 0.560417 0.060937 0.036111
1 0.218750 0.752778 0.019531 0.034722
8 0.218750 0.703472 0.060937 0.036111
3 0.724219 0.488889 0.018750 0.033333
8 0.724219 0.537500 0.060937 0.036111
4 0.767188 0.434722 0.023438 0.041667
8 0.767188 0.381944 0.060937 0.036111
