0 0.726562 0.575000 0.024219 0.043056
8 0.726562 0.521528 0.060937 0.036111
5 0.667969 0.336111 0.021875 0.038889
8 0.667969 0.284722 0.060937 0.036111
3 0.857031 0.527778 0.017188 0.030556
8 0.857031 0.480556 0.060937 0.036111
2 0.126562 0.704167 0.025000 0.044444
8 0.126562 0.650000 0.060937 0.036111
6 0.711719 0.769444 0.017969 0.031944
8 0.711719 0.721528 0.060937 0.036111
1 0.320312 0.294444 0.025781 0.045833
8 0.320312 0.239583 0.060937 0.036111
3 0.752344 0.879167 0.019531 0.034722
8 0.752344 0.829861 0.060937 0.036111
