1 0.455469 0.294444 0.021094 0.037500
8 0.455469 0.243750 0.060937 0.036111
5 0.515625 0.833333 0.021094 0.037500
8 0.515625 0.782639 0.060937 0.036111
2 0.138281 0.376389 0.021094 0.037500
8 0.138281 0.325694 0.060937 0.036111
4 0.721094 0.794444 0.021875 0.038889
8 0.721094 0.845833 0.060937 0.036111
0 0.709375 0.695833 0.021094 0.037500
8 0.709375 0.645139 0.059375 0.036111
2 0.420312 0.193056 0.020313 0.036111
8 0.420312 0.143056 0.060937 0.036111
1 0.741406 0.181944 0.020313 0.036111
8 0.741406 0.131944 0.060937 0.036111
2 0.540625 0.663889 0.021094 0.037500
8 0.540625 0.613194 0.060937 0.036111
