1 0.333594 0.547222 0.027344 0.048611
8 0.333594 0.490972 0.060937 0.036111
0 0.339062 0.806944 0.015625 0.027778
8 0.339062 0.761111 0.060937 0.036111
3 0.778125 0.606944 0.024219 0.043056
8 0.778125 0.553472 0.060937 0.036111
1 0.352344 0.645833 0.025000 0.044444
8 0.352344 0.700000 0.060937 0.036111
4 0.260156 0.548611 0.023438 0.041667
8 0.260156 0.495833 0.060937 0.036111
7 0.692187 0.250000 0.021094 0.037500
8 0.692187 0.199306 0.060937 0.036111
2 0.551562 0.477778 0.018750 0.033333
8 0.551562 0.429167 0.060937 0.036111
