5 0.778125 0.750000 0.017188 0.030556
8 0.778125 0.702778 0.060937 0.036111
2 0.334375 0.716667 0.025781 0.045833
8 0.334375 0.661806 0.060937 0.036111
5 0.566406 0.327778 0.021094 0.037500
8 0.566406 0.277083 0.060937 0.036111
2 0.428906 0.673611 0.019531 0.034722
8 0.428906 0.624306 0.060937 0.036111
1 0.094531 0.473611 0.021094 0.037500
8 0.094531 0.422917 0.060937 0.036111
2 0.742188 0.597222 0.017188 0.030556
8 0.742188 0.550000 0.060937 0.036111
3 0.165625 0.250000 0.022656 0.040278
8 0.165625 0.197917 0.060937 0.036111
3 0.796875 0.533333 0.018750 0.033333
8 0.796875 0.484722 0.060937 0.036111
