1 0.302344 0.686111 0.025781 0.045833
8 0.302344 0.631250 0.060937 0.036111
5 0.366406 0.483333 0.023438 0.041667
8 0.366406 0.430556 0.060937 0.036111
1 0.525781 0.338889 0.021094 0.037500
8 0.525781 0.288194 0.060937 0.036111
1 0.810156 0.681944 0.026562 0.047222
8 0.810156 0.626389 0.060937 0.036111
2 0.380469 0.181944 0.020313 0.036111
8 0.380469 0.131944 0.060937 0.036111
7 0.737500 0.226389 0.026562 0.047222
8 0.737500 0.170833 0.060937 0.036111
0 0.471094 0.508333 0.025781 0.045833
8 0.471094 0.453472 0.060937 0.036111
1 0.709375 0.483333 0.027344 0.048611
8 0.709375 0.427083 0.060937 0.036111
0 0.853906 0.325000 0.026562 0.047222
8 0.853906 0.269444 0.060937 0.036111
3 0.276562 0.473611 0.018750 0.033333
8 0.276562 0.425000 0.060937 0.036111
