3 0.395313 0.169444 0.025781 0.045833
8 0.395313 0.114583 0.060937 0.036111
4 0.913281 0.556944 0.021094 0.037500
8 0.913281 0.506250 0.060937 0.036111
0 0.428125 0.397222 0.021875 0.038889
8 0.428125 0.345833 0.060937 0.036111
2 0.196094 0.820833 0.027344 0.048611
8 0.196094 0.764583 0.060937 0.036111
5 0.693750 0.479167 0.024219 0.043056
8 0.693750 0.425694 0.060937 0.036111
1 0.829688 0.247222 0.018750 0.033333
8 0.829688 0.198611 0.060937 0.036111
0 0.275000 0.561111 0.027344 0.048611
8 0.275000 0.504861 0.060937 0.036111
3 0.167969 0.312500 0.025781 0.045833
8 0.167969 0.257639 0.060937 0.036111
2 0.202344 0.483333 0.027344 0.048611
8 0.202344 0.427083 0.060937 0.036111
