2 0.232031 0.752778 0.017188 0.030556
8 0.232031 0.705556 0.060937 0.036111
1 0.242188 0.405556 0.019531 0.034722
8 0.242188 0.356250 0.060937 0.036111
3 0.480469 0.256944 0.025781 0.045833
8 0.480469 0.202083 0.060937 0.036111
1 0.144531 0.648611 0.015625 0.027778
8 0.144531 0.602778 0.060937 0.036111
6 0.307812 0.756944 0.025000 0.044444
8 0.307812 0.702778 0.060937 0.036111
0 0.153906 0.375000 0.019531 0.034722
8 0.153906 0.325694 0.060937 0.036111
7 0.421094 0.680556 0.021875 0.038889
8 0.421094 0.629167 0.060937 0.036111
0 0.514062 0.627778 0.020313 0.036111
8 0.514062 0.577778 0.060937 0.036111
