1 0.180469 0.204167 0.021875 0.038889
8 0.180469 0.152778 0.060937 0.036111
3 0.287500 0.495833 0.025781 0.045833
8 0.287500 0.440972 0.060937 0.036111
3 0.095312 0.166667 0.021094 0.037500
8 0.095312 0.115972 0.060937 0.036111
5 0.887500 0.836111 0.022656 0.040278
8 0.887500 0.784028 0.060937 0.036111
2 0.146875 0.509722 0.025781 0.045833
8 0.146875 0.454861 0.060937 0.036111
7 0.791406 0.580556 0.025781 0.045833
8 0.791406 0.525694 0.060937 0.036111
1 0.792188 0.769444 0.022656 0.040278
8 0.792188 0.717361 0.060937 0.036111
1 0.808594 0.398611 0.018750 0.033333
8 0.808594 0.350000 0.060937 0.036111
2 0.892188 0.245833 0.020313 0.036111
8 0.892188 0.195833 0.060937 0.036111
3 0.722656 0.395833 0.019531 0.034722
8 0.722656 0.346528 0.060937 0.036111
