1 0.272656 0.627778 0.026562 0.047222
8 0.272656 0.572222 0.060937 0.036111
3 0.645312 0.255556 0.026562 0.047222
8 0.645312 0.200000 0.060937 0.036111
5 0.373437 0.412500 0.021875 0.038889
8 0.373437 0.361111 0.060937 0.036111
7 0.889844 0.331944 0.024219 0.043056
8 0.889844 0.278472 0.060937 0.036111
2 0.861719 0.201389 0.027344 0.048611
8 0.861719 0.145139 0.060937 0.036111
0 0.560156 0.791667 0.015625 0.027778
8 0.560156 0.745833 0.060937 0.036111
3 0.196094 0.177778 0.021094 0.037500
8 0.196094 0.127083 0.060937 0.036111
3 0.301563 0.819444 0.023438 0.041667
8 0.301563 0.766667 0.059375 0.036111
3 0.079687 0.170833 0.018750 0.033333
8 0.079687 0.122222 0.060937 0.036111
1 0.295312 0.395833 0.025781 0.045833
8 0.295312 0.340972 0.060937 0.036111
