3 0.482031 0.687500 0.015625 0.027778
8 0.482031 0.641667 0.060937 0.036111
3 0.325781 0.351389 0.022656 0.040278
8 0.325781 0.299306 0.060937 0.036111
0 0.239063 0.331944 0.021094 0.037500
8 0.239063 0.281250 0.060937 0.036111
3 0.429688 0.486111 0.025000 0.044444
8 0.429688 0.431944 0.060937 0.036111
0 0.610156 0.206944 0.017188 0.030556
8 0.610156 0.159722 0.060937 0.036111
7 0.312500 0.548611 0.015625 0.027778
8 0.312500 0.502778 0.059375 0.036111
0 0.582812 0.383333 0.017969 0.031944
8 0.582812 0.335417 0.060937 0.036111
0 0.325000 0.609722 0.016406 0.029167
8 0.325000 0.656250 0.060937 0.036111
3 0.625781 0.456944 0.019531 0.034722
8 0.625781 0.506250 0.060937 0.036111
6 0.525781 0.727778 0.019531 0.034722
8 0.525781 0.777083 0.060937 0.036111
