2 0.701562 0.313889 0.024219 0.043056
8 0.701562 0.260417 0.060937 0.036111
7 0.355469 0.279167 0.020313 0.036111
8 0.355469 0.229167 0.060937 0.036111
2 0.268750 0.294444 0.017969 0.031944
8 0.268750 0.342361 0.060937 0.036111
3 0.340625 0.458333 0.021875 0.038889
8 0.340625 0.406944 0.060937 0.036111
2 0.825000 0.380556 0.020313 0.036111
8 0.825000 0.330556 0.060937 0.036111
5 0.122656 0.805556 0.026562 0.047222
8 0.122656 0.750000 0.060937 0.036111
1 0.478906 0.469444 0.020313 0.036111
8 0.478906 0.419444 0.060937 0.036111
3 0.871094 0.451389 0.024219 0.043056
8 0.871094 0.504861 0.060937 0.036111
0 0.438281 0.670833 0.026562 0.047222
8 0.438281 0.615278 0.060937 0.036111
3 0.296094 0.290278 0.023438 0.041667
8 0.280469 0.223611 0.060937 0.036111
