2 0.335938 0.527778 0.017969 0.031944
8 0.335938 0.479861 0.059375 0.036111
4 0.781250 0.426389 0.021094 0.037500
8 0.781250 0.375694 0.060937 0.036111
0 0.433594 0.754167 0.021875 0.038889
8 0.433594 0.702778 0.060937 0.036111
3 0.180469 0.577778 0.018750 0.033333
8 0.180469 0.626389 0.060937 0.036111
2 0.085938 0.815278 0.024219 0.043056
8 0.085938 0.761806 0.060937 0.036111
3 0.833594 0.719444 0.022656 0.040278
8 0.833594 0.667361 0.060937 0.036111
6 0.675781 0.747222 0.020313 0.036111
8 0.675781 0.697222 0.060937 0.036111
3 0.352344 0.725000 0.024219 0.043056
8 0.352344 0.671528 0.060937 0.036111
0 0.171094 0.512500 0.024219 0.043056
8 0.171094 0.459028 0.060937 0.036111
