0 0.626563 0.581944 0.021094 0.037500
8 0.626563 0.531250 0.060937 0.036111
5 0.232031 0.536111 0.023438 0.041667
8 0.232031 0.483333 0.060937 0.036111
2 0.351562 0.394444 0.022656 0.040278
8 0.351562 0.342361 0.060937 0.036111
5 0.773438 0.802778 0.016406 0.029167
8 0.773438 0.756250 0.060937 0.036111
0 0.527344 0.631944 0.021875 0.038889
8 0.527344 0.580556 0.060937 0.036111
2 0.160938 0.555556 0.025781 0.045833
8 0.160938 0.500694 0.060937 0.036111
2 0.416406 0.634722 0.019531 0.034722
8 0.416406 0.585417 0.060937 0.036111
0 0.851562 0.686111 0.021094 0.037500
8 0.851562 0.635417 0.060937 0.036111
