2 0.456250 0.705556 0.021094 0.037500
8 0.456250 0.654861 0.060937 0.036111
1 0.578906 0.233333 0.025000 0.044444
8 0.578906 0.179167 0.060937 0.036111
2 0.240625 0.320833 0.017969 0.031944
8 0.240625 0.272917 0.060937 0.036111
1 0.157031 0.673611 0.026562 0.047222
8 0.157031 0.618056 0.060937 0.036111
6 0.805469 0.701389 0.022656 0.040278
8 0.805469 0.649306 0.060937 0.036111
5 0.189844 0.363889 0.016406 0.029167
8 0.189844 0.317361 0.060937 0.036111
0 0.400000 0.730556 0.019531 0.034722
8 0.400000 0.779861 0.060937 0.036111
