3 0.777344 0.498611 0.020313 0.036111
8 0.777344 0.448611 0.060937 0.036111
3 0.354687 0.790278 0.027344 0.048611
8 0.354687 0.734028 0.060937 0.036111
4 0.079687 0.858333 0.023438 0.041667
8 0.079687 0.805556 0.060937 0.036111
1 0.127344 0.193056 0.017188 0.030556
8 0.127344 0.145833 0.060937 0.036111
3 0.383594 0.387500 0.017188 0.030556
8 0.383594 0.340278 0.060937 0.036111
7 0.914062 0.597222 0.020313 0.036111
8 0.914062 0.547222 0.060937 0.036111
2 0.325781 0.615278 0.016406 0.029167
8 0.325781 0.568750 0.060937 0.036111
2 0.083594 0.306944 0.017969 0.031944
8 0.083594 0.259028 0.060937 0.036111
