0 0.823438 0.280556 0.025781 0.045833
8 0.823438 0.225694 0.060937 0.036111
5 0.289062 0.794444 0.022656 0.040278
8 0.289062 0.846528 0.059375 0.036111
2 0.159375 0.536111 0.019531 0.034722
8 0.159375 0.486806 0.060937 0.036111
7 0.592969 0.180556 0.021094 0.037500
8 0.592969 0.129861 0.060937 0.036111
0 0.274219 0.736111 0.027344 0.048611
8 0.274219 0.679861 0.060937 0.036111
0 0.706250 0.779167 0.018750 0.033333
8 0.706250 0.730556 0.060937 0.036111
1 0.661719 0.620833 0.016406 0.029167
8 0.661719 0.574306 0.060937 0.036111
3 0.410156 0.725000 0.027344 0.048611
8 0.410156 0.668750 0.060937 0.036111
