2 0.826562 0.641667 0.016406 0.029167
8 0.826562 0.595139 0.060937 0.036111
1 0.154688 0.180556 0.020313 0.036111
8 0.154688 0.130556 0.060937 0.036111
7 0.714063 0.313889 0.017969 0.031944
8 0.714063 0.265972 0.060937 0.036111
3 0.723437 0.475000 0.024219 0.043056
8 0.723437 0.421528 0.060937 0.036111
0 0.627344 0.280556 0.015625 0.027778
8 0.627344 0.234722 0.060937 0.036111
0 0.365625 0.426389 0.019531 0.034722
8 0.365625 0.377083 0.060937 0.036111
5 0.700000 0.555556 0.016406 0.029167
8 0.700000 0.602083 0.060937 0.036111
2 0.850000 0.186111 0.022656 0.040278
8 0.850000 0.134028 0.060937 0.036111
1 0.891406 0.601389 0.018750 0.033333
8 0.891406 0.650000 0.060937 0.036111
1 0.147656 0.406944 0.025000 0.044444
8 0.147656 0.352778 0.060937 0.036111
