6 0.398438 0.876389 0.025781 0.045833
8 0.398438 0.821528 0.060937 0.036111
1 0.540625 0.384722 0.018750 0.033333
8 0.540625 0.433333 0.060937 0.036111
1 0.477344 0.337500 0.021875 0.038889
8 0.477344 0.286111 0.060937 0.036111
1 0.617969 0.409722 0.015625 0.027778
8 0.617969 0.363889 0.060937 0.036111
0 0.500000 0.361111 0.017188 0.030556
8 0.445312 0.388889 0.060937 0.036111
4 0.246875 0.545833 0.024219 0.043056
8 0.246875 0.492361 0.060937 0.036111
2 0.510938 0.481944 0.015625 0.027778
8 0.510938 0.527778 0.060937 0.036111
1 0.192188 0.283333 0.019531 0.034722
8 0.192188 0.234028 0.060937 0.036111
