0 0.700781 0.498611 0.019531 0.034722
8 0.700781 0.449306 0.060937 0.036111
5 0.821875 0.869444 0.023438 0.041667
8 0.821875 0.816667 0.060937 0.036111
1 0.182812 0.175000 0.015625 0.027778
8 0.182812 0.129167 0.060937 0.036111
7 0.251563 0.380556 0.016406 0.029167
8 0.206641 0.380556 0.060937 0.036111
0 0.917188 0.418056 0.022656 0.040278
8 0.917188 0.365972 0.060937 0.036111
0 0.294531 0.379167 0.027344 0.048611
8 0.294531 0.322917 0.060937 0.036111
1 0.142187 0.340278 0.022656 0.040278
8 0.142187 0.288194 0.060937 0.036111
1 0.170313 0.862500 0.022656 0.040278
8 0.170313 0.810417 0.060937 0.036111
