6 0.416406 0.611111 0.018750 0.033333
8 0.416406 0.562500 0.060937 0.036111
3 0.707031 0.694444 0.025781 0.045833
8 0.707031 0.749306 0.060937 0.036111
3 0.753906 0.184722 0.017188 0.030556
8 0.753906 0.137500 0.060937 0.036111
0 0.903125 0.850000 0.016406 0.029167
8 0.903125 0.803472 0.060937 0.036111
2 0.903125 0.473611 0.017188 0.030556
8 0.903125 0.426389 0.060937 0.036111
2 0.307031 0.415278 0.016406 0.029167
8 0.307031 0.368750 0.060937 0.036111
7 0.681250 0.593056 0.023438 0.041667
8 0.681250 0.540278 0.060937 0.036111
1 0.532813 0.697222 0.025781 0.045833
8 0.532813 0.642361 0.060937 0.036111
2 0.295312 0.841667 0.024219 0.043056
8 0.295312 0.788194 0.060937 0.036111
