2 0.710156 0.604167 0.021875 0.038889
8 0.710156 0.552778 0.060937 0.036111
0 0.507812 0.819444 0.016406 0.029167
8 0.507812 0.772917 0.060937 0.036111
1 0.188281 0.216667 0.015625 0.027778
8 0.188281 0.170833 0.060937 0.036111
6 0.485938 0.305556 0.015625 0.027778
8 0.485938 0.259722 0.060937 0.036111
0 0.610938 0.750000 0.024219 0.043056
8 0.610938 0.696528 0.059375 0.036111
5 0.089063 0.455556 0.021094 0.037500
8 0.089063 0.404861 0.060937 0.036111
0 0.520312 0.390278 0.025000 0.044444
8 0.520312 0.444444 0.060937 0.036111
