3 0.706250 0.286111 0.026562 0.047222
8 0.706250 0.230556 0.060937 0.036111
2 0.866406 0.423611 0.027344 0.048611
8 0.866406 0.367361 0.060937 0.036111
6 0.477344 0.708333 0.022656 0.040278
8 0.477344 0.656250 0.060937 0.036111
5 0.166406 0.511111 0.021875 0.038889
8 0.166406 0.562500 0.060937 0.036111
2 0.200000 0.501389 0.021875 0.038889
8 0.200000 0.450000 0.060937 0.036111
1 0.417187 0.841667 0.027344 0.048611
8 0.417187 0.785417 0.059375 0.036111
0 0.611719 0.741667 0.022656 0.040278
8 0.611719 0.689583 0.060937 0.036111
2 0.532031 0.880556 0.021875 0.038889
8 0.532031 0.829167 0.060937 0.036111
3 0.818750 0.744444 0.016406 0.029167
8 0.818750 0.697917 0.060937 0.036111
2 0.367188 0.740278 0.022656 0.040278
8 0.367188 0.688194 0.060937 0.036111
