1 0.714844 0.262500 0.027344 0.048611
8 0.714844 0.206250 0.060937 0.036111
2 0.665625 0.205556 0.021875 0.038889
8 0.665625 0.154167 0.060937 0.036111
3 0.156250 0.419444 0.021875 0.038889
8 0.156250 0.368056 0.060937 0.036111
0 0.483594 0.563889 0.027344 0.048611
8 0.483594 0.507639 0.060937 0.036111
7 0.900781 0.887500 0.026562 0.047222
8 0.900781 0.831944 0.060937 0.036111
1 0.231250 0.376389 0.016406 0.029167
8 0.231250 0.329861 0.057813 0.036111
2 0.303906 0.591667 0.015625 0.027778
8 0.303906 0.545833 0.060937 0.036111
1 0.229687 0.259722 0.018750 0.033333
8 0.229687 0.211111 0.060937 0.036111
6 0.768750 0.641667 0.018750 0.033333
8 0.768750 0.593056 0.060937 0.036111
2 0.703906 0.570833 0.022656 0.040278
8 0.703906 0.518750 0.060937 0.036111
