1 0.399219 0.666667 0.025000 0.044444
8 0.399219 0.612500 0.060937 0.036111
2 0.264062 0.763889 0.015625 0.027778
8 0.264062 0.718056 0.060937 0.036111
0 0.314063 0.275000 0.020313 0.036111
8 0.314063 0.225000 0.060937 0.036111
1 0.639062 0.881944 0.017188 0.030556
8 0.639062 0.834722 0.060937 0.036111
2 0.334375 0.319444 0.026562 0.047222
8 0.384375 0.319444 0.060937 0.036111
0 0.589063 0.676389 0.016406 0.029167
8 0.589063 0.629861 0.060937 0.036111
1 0.557031 0.686111 0.023438 0.041667
8 0.557031 0.738889 0.060937 0.036111
5 0.317969 0.412500 0.016406 0.029167
8 0.317969 0.459028 0.060937 0.036111
5 0.280469 0.555556 0.022656 0.040278
8 0.280469 0.503472 0.060937 0.036111
