1 0.520312 0.609722 0.016406 0.029167
8 0.520312 0.563194 0.060937 0.036111
3 0.511719 0.680556 0.025781 0.045833
8 0.511719 0.735417 0.060937 0.036111
2 0.512500 0.229167 0.026562 0.047222
8 0.512500 0.173611 0.060937 0.036111
0 0.907031 0.340278 0.026562 0.047222
8 0.907031 0.284722 0.060937 0.036111
2 0.592187 0.630556 0.021094 0.037500
8 0.592187 0.579861 0.059375 0.036111
6 0.735156 0.494444 0.023438 0.041667
8 0.735156 0.441667 0.060937 0.036111
3 0.582031 0.431944 0.015625 0.027778
8 0.582031 0.386111 0.060937 0.036111
6 0.746875 0.776389 0.018750 0.033333
8 0.746875 0.727778 0.060937 0.036111
3 0.345313 0.375000 0.023438 0.041667
8 0.345313 0.322222 0.060937 0.036111
