3 0.296875 0.450000 0.025781 0.045833
8 0.296875 0.395139 0.060937 0.036111
4 0.214062 0.306944 0.021875 0.038889
8 0.214062 0.255556 0.060937 0.036111
1 0.085156 0.531944 0.017188 0.030556
8 0.085156 0.484722 0.060937 0.036111
1 0.771094 0.763889 0.026562 0.047222
8 0.771094 0.708333 0.060937 0.036111
1 0.084375 0.279167 0.017188 0.030556
8 0.084375 0.231944 0.060937 0.036111
0 0.364844 0.440278 0.017969 0.031944
8 0.364844 0.392361 0.060937 0.036111
1 0.291406 0.602778 0.021875 0.038889
8 0.291406 0.551389 0.060937 0.036111
6 0.870313 0.633333 0.018750 0.033333
8 0.870313 0.584722 0.060937 0.036111
