2 0.420312 0.787500 0.019531 0.034722
8 0.420312 0.738194 0.060937 0.036111
5 0.370312 0.288889 0.017188 0.030556
8 0.370312 0.241667 0.060937 0.036111
2 0.813281 0.870833 0.025781 0.045833
8 0.813281 0.815972 0.060937 0.036111
2 0.803125 0.379167 0.017188 0.030556
8 0.803125 0.331944 0.060937 0.036111
3 0.688281 0.250000 0.024219 0.043056
8 0.688281 0.196528 0.060937 0.036111
1 0.157812 0.611111 0.021875 0.038889
8 0.157812 0.559722 0.060937 0.036111
3 0.271875 0.825000 0.022656 0.040278
8 0.271875 0.772917 0.060937 0.036111
4 0.310937 0.552778 0.023438 0.041667
8 0.310937 0.500000 0.060937 0.036111
2 0.102344 0.201389 0.022656 0.040278
8 0.102344 0.149306 0.060937 0.036111
