2 0.089844 0.852778 0.025000 0.044444
8 0.089844 0.798611 0.060937 0.036111
2 0.185156 0.736111 0.021875 0.038889
8 0.185156 0.787500 0.060937 0.036111
1 0.594531 0.661111 0.017188 0.030556
8 0.594531 0.613889 0.060937 0.036111
0 0.091406 0.268056 0.020313 0.036111
8 0.091406 0.218056 0.060937 0.036111
6 0.504687 0.869444 0.026562 0.047222
8 0.504687 0.813889 0.060937 0.036111
3 0.160156 0.206944 0.017969 0.031944
8 0.160156 0.159028 0.060937 0.036111
5 0.581250 0.434722 0.023438 0.041667
8 0.581250 0.381944 0.060937 0.036111
1 0.190625 0.645833 0.026562 0.047222
8 0.190625 0.590278 0.060937 0.036111
