0 0.730469 0.827778 0.017188 0.030556
8 0.730469 0.780556 0.060937 0.036111
2 0.511719 0.279167 0.016406 0.029167
8 0.511719 0.232639 0.059375 0.036111
2 0.688281 0.573611 0.015625 0.027778
8 0.688281 0.527778 0.060937 0.036111
6 0.651563 0.683333 0.021094 0.037500
8 0.651563 0.632639 0.060937 0.036111
3 0.657813 0.836111 0.017188 0.030556
8 0.657813 0.788889 0.060937 0.036111
4 0.092188 0.276389 0.022656 0.040278
8 0.092188 0.224306 0.060937 0.036111
0 0.485938 0.736111 0.018750 0.033333
8 0.485938 0.687500 0.059375 0.036111
3 0.702344 0.465278 0.017969 0.031944
8 0.702344 0.417361 0.060937 0.036111
1 0.262500 0.406944 0.027344 0.048611
8 0.262500 0.350694 0.060937 0.036111
0 0.846094 0.838889 0.026562 0.047222
8 0.846094 0.783333 0.060937 0.036111
