2 0.864844 0.256944 0.017969 0.031944
8 0.864844 0.209028 0.060937 0.036111
0 0.618750 0.436111 0.019531 0.034722
8 0.618750 0.485417 0.060937 0.036111
3 0.165625 0.604167 0.027344 0.048611
8 0.165625 0.547917 0.060937 0.036111
2 0.544531 0.194444 0.017188 0.030556
8 0.544531 0.147222 0.060937 0.036111
4 0.192188 0.740278 0.022656 0.040278
8 0.192188 0.688194 0.059375 0.036111
1 0.595313 0.397222 0.025781 0.045833
8 0.595313 0.342361 0.060937 0.036111
4 0.091406 0.502778 0.019531 0.034722
8 0.091406 0.453472 0.060937 0.036111
2 0.421094 0.409722 0.024219 0.043056
8 0.421094 0.356250 0.060937 0.036111
