7 0.789062 0.736111 0.022656 0.040278
8 0.789062 0.684028 0.060937 0.036111
0 0.744531 0.270833 0.016406 0.029167
8 0.744531 0.224306 0.060937 0.036111
3 0.518750 0.368056 0.024219 0.043056
8 0.518750 0.314583 0.060937 0.036111
1 0.729688 0.673611 0.015625 0.027778
8 0.729688 0.627778 0.060937 0.036111
3 0.389062 0.844444 0.021875 0.038889
8 0.389062 0.793056 0.060937 0.036111
3 0.848437 0.237500 0.017188 0.030556
8 0.848437 0.190278 0.060937 0.036111
4 0.332813 0.301389 0.017188 0.030556
8 0.332813 0.254167 0.060937 0.036111
3 0.293750 0.848611 0.025781 0.045833
8 0.293750 0.793750 0.060937 0.036111
