1 0.610938 0.884722 0.017969 0.031944
8 0.610938 0.932639 0.060937 0.036111
3 0.595313 0.829167 0.019531 0.034722
8 0.595313 0.779861 0.060937 0.036111
2 0.497656 0.304167 0.027344 0.048611
8 0.497656 0.247917 0.060937 0.036111
6 0.764844 0.619444 0.022656 0.040278
8 0.764844 0.567361 0.060937 0.036111
7 0.276562 0.220833 0.025781 0.045833
8 0.276562 0.165972 0.060937 0.036111
3 0.834375 0.493056 0.015625 0.027778
8 0.834375 0.447222 0.060937 0.036111
1 0.246094 0.811111 0.024219 0.043056
8 0.246094 0.757639 0.060937 0.036111
1 0.734375 0.809722 0.021875 0.038889
8 0.734375 0.758333 0.060937 0.036111
3 0.687500 0.437500 0.016406 0.029167
8 0.687500 0.390972 0.060937 0.036111
