3 0.352344 0.291667 0.021875 0.038889
8 0.304688 0.291667 0.060937 0.036111
2 0.494531 0.625000 0.025781 0.045833
8 0.494531 0.570139 0.060937 0.036111
4 0.630469 0.363889 0.019531 0.034722
8 0.630469 0.314583 0.060937 0.036111
5 0.326562 0.854167 0.023438 0.041667
8 0.326562 0.801389 0.060937 0.036111
2 0.820312 0.588889 0.025000 0.044444
8 0.820312 0.534722 0.060937 0.036111
3 0.317969 0.225000 0.024219 0.043056
8 0.317969 0.171528 0.060937 0.036111
2 0.241406 0.880556 0.021875 0.038889
8 0.241406 0.829167 0.060937 0.036111
3 0.310156 0.379167 0.027344 0.048611
8 0.310156 0.435417 0.060937 0.036111
