3 0.756250 0.804167 0.027344 0.048611
8 0.756250 0.747917 0.060937 0.036111
0 0.461719 0.611111 0.017969 0.031944
8 0.461719 0.563194 0.060937 0.036111
3 0.396094 0.506944 0.017969 0.031944
8 0.396094 0.459028 0.060937 0.036111
7 0.630469 0.450000 0.024219 0.043056
8 0.630469 0.396528 0.060937 0.036111
3 0.790625 0.237500 0.016406 0.029167
8 0.790625 0.190972 0.060937 0.036111
2 0.324219 0.786111 0.022656 0.040278
8 0.324219 0.734028 0.060937 0.036111
1 0.482812 0.322222 0.027344 0.048611
8 0.482812 0.265972 0.060937 0.036111
0 0.195312 0.718056 0.025781 0.045833
8 0.195312 0.663194 0.060937 0.036111
5 0.411719 0.673611 0.025000 0.044444
8 0.411719 0.619444 0.060937 0.036111
2 0.682031 0.377778 0.021875 0.038889
8 0.682031 0.326389 0.060937 0.036111
