3 0.893750 0.394444 0.021094 0.037500
8 0.893750 0.343750 0.060937 0.036111
6 0.628125 0.484722 0.024219 0.043056
8 0.628125 0.538194 0.060937 0.036111
3 0.826562 0.576389 0.017188 0.030556
8 0.826562 0.529167 0.060937 0.036111
0 0.636719 0.706944 0.021875 0.038889
8 0.636719 0.655556 0.060937 0.036111
1 0.397656 0.752778 0.022656 0.040278
8 0.397656 0.700694 0.060937 0.036111
1 0.216406 0.344444 0.015625 0.027778
8 0.216406 0.298611 0.060937 0.036111
5 0.404687 0.511111 0.016406 0.029167
8 0.404687 0.464583 0.060937 0.036111
2 0.653125 0.434722 0.017188 0.030556
8 0.653125 0.387500 0.060937 0.036111
2 0.111719 0.333333 0.023438 0.041667
8 0.111719 0.280556 0.060937 0.036111
