2 0.748437 0.341667 0.024219 0.043056
8 0.748437 0.288194 0.060937 0.036111
1 0.520312 0.697222 0.016406 0.029167
8 0.520312 0.650694 0.060937 0.036111
7 0.703906 0.670833 0.021094 0.037500
8 0.703906 0.620139 0.060937 0.036111
0 0.914062 0.602778 0.016406 0.029167
8 0.914062 0.556250 0.060937 0.036111
3 0.103906 0.729167 0.026562 0.047222
8 0.103906 0.784722 0.060937 0.036111
3 0.125781 0.700000 0.015625 0.027778
8 0.125781 0.654167 0.060937 0.036111
7 0.135937 0.173611 0.020313 0.036111
8 0.135937 0.123611 0.060937 0.036111
1 0.378906 0.576389 0.022656 0.040278
8 0.378906 0.524306 0.059375 0.036111
1 0.447656 0.293056 0.021094 0.037500
8 0.447656 0.242361 0.060937 0.036111
