6 0.774219 0.884722 0.025781 0.045833
8 0.774219 0.829861 0.060937 0.036111
0 0.772656 0.694444 0.017188 0.030556
8 0.772656 0.647222 0.060937 0.036111
2 0.373437 0.230556 0.021875 0.038889
8 0.373437 0.179167 0.060937 0.036111
6 0.262500 0.804167 0.015625 0.027778
8 0.262500 0.758333 0.060937 0.036111
3 0.100781 0.759722 0.022656 0.040278
8 0.100781 0.707639 0.060937 0.036111
0 0.905469 0.766667 0.021094 0.037500
8 0.905469 0.715972 0.060937 0.036111
0 0.277344 0.670833 0.018750 0.033333
8 0.277344 0.622222 0.060937 0.036111
2 0.814063 0.234722 0.021094 0.037500
8 0.814063 0.184028 0.060937 0.036111
3 0.175781 0.338889 0.026562 0.047222
8 0.175781 0.283333 0.059375 0.036111
