0 0.716406 0.684722 0.023438 0.041667
8 0.716406 0.631944 0.060937 0.036111
0 0.453906 0.450000 0.021875 0.038889
8 0.453906 0.398611 0.060937 0.036111
0 0.445312 0.615278 0.021094 0.037500
8 0.445312 0.564583 0.060937 0.036111
6 0.575000 0.206944 0.017969 0.031944
8 0.575000 0.159028 0.060937 0.036111
1 0.858594 0.472222 0.025000 0.044444
8 0.858594 0.418056 0.060937 0.036111
0 0.082031 0.570833 0.021094 0.037500
8 0.082031 0.520139 0.060937 0.036111
7 0.510938 0.530556 0.025781 0.045833
8 0.510938 0.475694 0.060937 0.036111
0 0.421094 0.663889 0.025781 0.045833
8 0.421094 0.718750 0.060937 0.036111
1 0.379688 0.797222 0.023438 0.041667
8 0.379688 0.850000 0.060937 0.036111
