5 0.506250 0.775000 0.016406 0.029167
8 0.506250 0.728472 0.059375 0.036111
3 0.583594 0.472222 0.020313 0.036111
8 0.583594 0.522222 0.060937 0.036111
3 0.094531 0.311111 0.021875 0.038889
8 0.094531 0.259722 0.060937 0.036111
3 0.887500 0.225000 0.027344 0.048611
8 0.887500 0.168750 0.060937 0.036111
1 0.659375 0.240278 0.023438 0.041667
8 0.659375 0.187500 0.060937 0.036111
1 0.420312 0.627778 0.025781 0.045833
8 0.420312 0.572917 0.060937 0.036111
0 0.661719 0.694444 0.021094 0.037500
8 0.661719 0.643750 0.060937 0.036111
0 0.350000 0.688889 0.018750 0.033333
8 0.350000 0.640278 0.060937 0.036111
7 0.619531 0.390278 0.024219 0.043056
8 0.619531 0.336806 0.060937 0.036111
