2 0.200000 0.702778 0.017969 0.031944
8 0.200000 0.654861 0.060937 0.036111
6 0.521094 0.845833 0.021875 0.038889
8 0.521094 0.897222 0.060937 0.036111
4 0.212500 0.781944 0.015625 0.027778
8 0.212500 0.827778 0.060937 0.036111
2 0.117188 0.433333 0.023438 0.041667
8 0.117188 0.380556 0.060937 0.036111
2 0.488281 0.816667 0.026562 0.047222
8 0.488281 0.761111 0.060937 0.036111
1 0.141406 0.580556 0.019531 0.034722
8 0.141406 0.531250 0.060937 0.036111
1 0.125781 0.887500 0.016406 0.029167
8 0.125781 0.840972 0.060937 0.036111
2 0.850000 0.426389 0.017969 0.031944
8 0.850000 0.378472 0.060937 0.036111
