3 0.105469 0.837500 0.020313 0.036111
8 0.105469 0.787500 0.060937 0.036111
3 0.337500 0.702778 0.026562 0.047222
8 0.337500 0.647222 0.060937 0.036111
5 0.457031 0.819444 0.025781 0.045833
8 0.457031 0.764583 0.060937 0.036111
2 0.824219 0.200000 0.021094 0.037500
8 0.824219 0.149306 0.060937 0.036111
1 0.541406 0.686111 0.017969 0.031944
8 0.541406 0.638194 0.060937 0.036111
3 0.174219 0.195833 0.027344 0.048611
8 0.174219 0.139583 0.060937 0.036111
2 0.635156 0.454167 0.018750 0.033333
8 0.635156 0.405556 0.060937 0.036111
7 0.635938 0.887500 0.016406 0.029167
8 0.635938 0.840972 0.060937 0.036111
