1 0.733594 0.580556 0.016406 0.029167
8 0.733594 0.534028 0.060937 0.036111
2 0.893750 0.584722 0.015625 0.027778
8 0.893750 0.538889 0.060937 0.036111
6 0.737500 0.858333 0.023438 0.041667
8 0.737500 0.805556 0.060937 0.036111
0 0.295312 0.293056 0.027344 0.048611
8 0.295312 0.236806 0.060937 0.036111
2 0.748437 0.463889 0.022656 0.040278
8 0.748437 0.411806 0.060937 0.036111
1 0.138281 0.783333 0.020313 0.036111
8 0.138281 0.733333 0.060937 0.036111
3 0.789062 0.236111 0.015625 0.027778
8 0.789062 0.190278 0.060937 0.036111
3 0.393750 0.356944 0.020313 0.036111
8 0.393750 0.306944 0.060937 0.036111
7 0.501563 0.754167 0.017188 0.030556
8 0.501563 0.706944 0.060937 0.036111
0 0.492188 0.370833 0.026562 0.047222
8 0.492188 0.315278 0.060937 0.036111
