3 0.597656 0.658333 0.021875 0.038889
8 0.597656 0.606944 0.059375 0.036111
1 0.261719 0.623611 0.018750 0.033333
8 0.261719 0.672222 0.059375 0.036111
4 0.085938 0.481944 0.017188 0.030556
8 0.085938 0.434722 0.060937 0.036111
3 0.567187 0.250000 0.022656 0.040278
8 0.567187 0.197917 0.060937 0.036111
0 0.383594 0.438889 0.026562 0.047222
8 0.383594 0.383333 0.060937 0.036111
1 0.766406 0.272222 0.016406 0.029167
8 0.766406 0.225694 0.060937 0.036111
5 0.873437 0.533333 0.020313 0.036111
8 0.873437 0.483333 0.060937 0.036111
3 0.825000 0.363889 0.025781 0.045833
8 0.825000 0.309028 0.060937 0.036111
2 0.224219 0.552778 0.021875 0.038889
8 0.224219 0.501389 0.060937 0.036111
