2 0.728125 0.440278 0.016406 0.029167
8 0.728125 0.393750 0.059375 0.036111
6 0.088281 0.758333 0.017969 0.031944
8 0.088281 0.710417 0.060937 0.036111
2 0.451562 0.252778 0.027344 0.048611
8 0.451562 0.196528 0.060937 0.036111
1 0.592969 0.393056 0.025000 0.044444
8 0.592969 0.338889 0.059375 0.036111
5 0.921875 0.512500 0.021094 0.037500
8 0.921875 0.461806 0.060937 0.036111
2 0.432812 0.472222 0.015625 0.027778
8 0.432812 0.426389 0.060937 0.036111
2 0.679688 0.727778 0.026562 0.047222
8 0.679688 0.672222 0.060937 0.036111
0 0.682813 0.230556 0.017969 0.031944
8 0.682813 0.182639 0.060937 0.036111
3 0.178125 0.444444 0.022656 0.040278
8 0.178125 0.392361 0.060937 0.036111
