3 0.839844 0.394444 0.027344 0.048611
8 0.839844 0.338194 0.060937 0.036111
2 0.865625 0.254167 0.023438 0.041667
8 0.865625 0.201389 0.060937 0.036111
7 0.659375 0.641667 0.017188 0.030556
8 0.659375 0.594444 0.060937 0.036111
3 0.620313 0.350000 0.025781 0.045833
8 0.620313 0.295139 0.060937 0.036111
3 0.732812 0.347222 0.025781 0.045833
8 0.732812 0.292361 0.060937 0.036111
3 0.139844 0.655556 0.018750 0.033333
8 0.139844 0.606944 0.060937 0.036111
1 0.393750 0.836111 0.025000 0.044444
8 0.393750 0.781944 0.060937 0.036111
2 0.217188 0.311111 0.017969 0.031944
8 0.217188 0.263194 0.060937 0.036111
0 0.817187 0.561111 0.015625 0.027778
8 0.817187 0.515278 0.060937 0.036111
4 0.457031 0.461111 0.020313 0.036111
8 0.457031 0.411111 0.060937 0.036111
