5 0.645312 0.881944 0.027344 0.048611
8 0.645312 0.825694 0.060937 0.036111
0 0.092969 0.620833 0.020313 0.036111
8 0.092969 0.570833 0.059375 0.036111
3 0.348438 0.616667 0.021875 0.038889
8 0.348438 0.565278 0.060937 0.036111
3 0.508594 0.320833 0.017969 0.031944
8 0.508594 0.272917 0.060937 0.036111
4 0.303125 0.456944 0.017188 0.030556
8 0.303125 0.409722 0.060937 0.036111
1 0.503125 0.383333 0.024219 0.043056
8 0.503125 0.436806 0.060937 0.036111
0 0.414844 0.276389 0.017188 0.030556
8 0.414844 0.229167 0.060937 0.036111
1 0.197656 0.470833 0.018750 0.033333
8 0.197656 0.422222 0.060937 0.036111
0 0.853906 0.359722 0.017188 0.030556
8 0.853906 0.312500 0.060937 0.036111
