3 0.507031 0.731944 0.020313 0.036111
8 0.507031 0.681944 0.060937 0.036111
2 0.725000 0.870833 0.019531 0.034722
8 0.725000 0.821528 0.060937 0.036111
1 0.192188 0.856944 0.022656 0.040278
8 0.192188 0.804861 0.060937 0.036111
0 0.472656 0.254167 0.016406 0.029167
8 0.472656 0.207639 0.060937 0.036111
7 0.330469 0.880556 0.024219 0.043056
8 0.330469 0.827083 0.060937 0.036111
1 0.621875 0.888889 0.016406 0.029167
8 0.621875 0.842361 0.060937 0.036111
7 0.471875 0.347222 0.020313 0.036111
8 0.471875 0.397222 0.060937 0.036111
