2 0.615625 0.790278 0.025000 0.044444
8 0.615625 0.844444 0.060937 0.036111
3 0.160156 0.530556 0.021094 0.037500
8 0.160156 0.479861 0.060937 0.036111
3 0.484375 0.793056 0.026562 0.047222
8 0.484375 0.737500 0.060937 0.036111
3 0.528906 0.411111 0.022656 0.040278
8 0.528906 0.359028 0.060937 0.036111
3 0.399219 0.187500 0.025000 0.044444
8 0.399219 0.133333 0.060937 0.036111
1 0.338281 0.195833 0.021094 0.037500
8 0.338281 0.246528 0.060937 0.036111
0 0.903906 0.818056 0.016406 0.029167
8 0.903906 0.771528 0.060937 0.036111
4 0.651563 0.781944 0.024219 0.043056
8 0.651563 0.728472 0.060937 0.036111
6 0.214062 0.763889 0.024219 0.043056
8 0.214062 0.710417 0.060937 0.036111
