3 0.864844 0.222222 0.017969 0.031944
8 0.864844 0.174306 0.060937 0.036111
5 0.499219 0.619444 0.019531 0.034722
8 0.499219 0.570139 0.060937 0.036111
7 0.837500 0.676389 0.024219 0.043056
8 0.837500 0.622917 0.060937 0.036111
0 0.380469 0.840278 0.018750 0.033333
8 0.380469 0.791667 0.060937 0.036111
0 0.878906 0.683333 0.021094 0.037500
8 0.878906 0.734028 0.060937 0.036111
3 0.184375 0.398611 0.015625 0.027778
8 0.184375 0.352778 0.060937 0.036111
3 0.080469 0.694444 0.025781 0.045833
8 0.080469 0.639583 0.060937 0.036111
2 0.592187 0.659722 0.027344 0.048611
8 0.592187 0.603472 0.060937 0.036111
0 0.441406 0.259722 0.017969 0.031944
8 0.441406 0.211806 0.060937 0.036111
2 0.774219 0.490278 0.021875 0.038889
8 0.774219 0.438889 0.060937 0.036111
