6 0.216406 0.293056 0.026562 0.047222
8 0.216406 0.237500 0.060937 0.036111
0 0.447656 0.752778 0.015625 0.027778
8 0.447656 0.706944 0.060937 0.036111
2 0.619531 0.348611 0.027344 0.048611
8 0.619531 0.292361 0.060937 0.036111
3 0.401562 0.491667 0.018750 0.033333
8 0.401562 0.540278 0.060937 0.036111
5 0.432031 0.479167 0.022656 0.040278
8 0.432031 0.427083 0.060937 0.036111
2 0.882031 0.451389 0.019531 0.034722
8 0.882031 0.402083 0.060937 0.036111
0 0.890625 0.212500 0.023438 0.041667
8 0.890625 0.159722 0.060937 0.036111
2 0.391406 0.830556 0.022656 0.040278
8 0.391406 0.778472 0.060937 0.036111
1 0.482812 0.333333 0.021875 0.038889
8 0.482812 0.281944 0.060937 0.036111
