3 0.463281 0.476389 0.022656 0.040278
8 0.463281 0.424306 0.060937 0.036111
1 0.350000 0.252778 0.025000 0.044444
8 0.350000 0.198611 0.060937 0.036111
4 0.546094 0.762500 0.025781 0.045833
8 0.546094 0.707639 0.060937 0.036111
3 0.512500 0.369444 0.024219 0.043056
8 0.512500 0.315972 0.060937 0.036111
4 0.425000 0.547222 0.025781 0.045833
8 0.425000 0.602083 0.060937 0.036111
1 0.078125 0.561111 0.025000 0.044444
8 0.078125 0.506944 0.060937 0.036111
0 0.164844 0.595833 0.018750 0.033333
8 0.164844 0.547222 0.060937 0.036111
2 0.800000 0.525000 0.026562 0.047222
8 0.800000 0.469444 0.060937 0.036111
