1 0.662500 0.873611 0.025000 0.044444
8 0.662500 0.819444 0.060937 0.036111
2 0.719531 0.255556 0.020313 0.036111
8 0.719531 0.205556 0.060937 0.036111
0 0.182812 0.552778 0.026562 0.047222
8 0.182812 0.497222 0.060937 0.036111
5 0.382812 0.455556 0.015625 0.027778
8 0.382812 0.409722 0.060937 0.036111
7 0.503125 0.769444 0.025781 0.045833
8 0.503125 0.714583 0.060937 0.036111
1 0.392969 0.527778 0.017188 0.030556
8 0.392969 0.575000 0.060937 0.036111
2 0.764062 0.866667 0.025000 0.044444
8 0.764062 0.812500 0.060937 0.036111
0 0.501563 0.437500 0.019531 0.034722
8 0.501563 0.388194 0.060937 0.036111
