0 0.540625 0.231944 0.026562 0.047222
8 0.540625 0.176389 0.060937 0.036111
3 0.654687 0.244444 0.025000 0.044444
8 0.654687 0.190278 0.060937 0.036111
3 0.800000 0.788889 0.015625 0.027778
8 0.800000 0.834722 0.060937 0.036111
3 0.831250 0.702778 0.016406 0.029167
8 0.831250 0.656250 0.060937 0.036111
2 0.707812 0.616667 0.016406 0.029167
8 0.707812 0.570139 0.060937 0.036111
2 0.576562 0.673611 0.018750 0.033333
8 0.576562 0.625000 0.060937 0.036111
6 0.589063 0.170833 0.018750 0.033333
8 0.589063 0.122222 0.060937 0.036111
4 0.308594 0.766667 0.022656 0.040278
8 0.308594 0.714583 0.060937 0.036111
