2 0.382031 0.513889 0.024219 0.043056
8 0.382031 0.460417 0.060937 0.036111
7 0.639062 0.533333 0.021094 0.037500
8 0.639062 0.482639 0.060937 0.036111
1 0.756250 0.462500 0.019531 0.034722
8 0.756250 0.413194 0.060937 0.036111
0 0.699219 0.269444 0.015625 0.027778
8 0.699219 0.223611 0.060937 0.036111
0 0.139063 0.283333 0.023438 0.041667
8 0.139063 0.230556 0.060937 0.036111
3 0.421094 0.736111 0.024219 0.043056
8 0.421094 0.682639 0.060937 0.036111
2 0.547656 0.495833 0.021875 0.038889
8 0.547656 0.444444 0.060937 0.036111
5 0.786719 0.234722 0.027344 0.048611
8 0.786719 0.178472 0.060937 0.036111
0 0.487500 0.169444 0.021094 0.037500
8 0.487500 0.118750 0.060937 0.036111
1 0.912500 0.323611 0.021875 0.038889
8 0.912500 0.272222 0.060937 0.036111
