6 0.861719 0.184722 0.017969 0.031944
8 0.861719 0.136806 0.060937 0.036111
5 0.121875 0.180556 0.024219 0.043056
8 0.121875 0.127083 0.060937 0.036111
3 0.662500 0.426389 0.023438 0.041667
8 0.662500 0.373611 0.060937 0.036111
1 0.413281 0.543056 0.020313 0.036111
8 0.413281 0.493056 0.060937 0.036111
1 0.154688 0.612500 0.021875 0.038889
8 0.154688 0.561111 0.060937 0.036111
0 0.360156 0.876389 0.021094 0.037500
8 0.360156 0.825694 0.060937 0.036111
3 0.843750 0.711111 0.024219 0.043056
8 0.843750 0.657639 0.060937 0.036111
