3 0.511719 0.170833 0.024219 0.043056
8 0.511719 0.117361 0.060937 0.036111
0 0.228906 0.427778 0.024219 0.043056
8 0.228906 0.374306 0.060937 0.036111
5 0.722656 0.768056 0.015625 0.027778
8 0.722656 0.722222 0.060937 0.036111
3 0.737500 0.576389 0.015625 0.027778
8 0.737500 0.530556 0.060937 0.036111
1 0.505469 0.277778 0.025781 0.045833
8 0.505469 0.222917 0.060937 0.036111
3 0.786719 0.465278 0.021094 0.037500
8 0.786719 0.414583 0.060937 0.036111
6 0.377344 0.365278 0.023438 0.041667
8 0.377344 0.312500 0.060937 0.036111
0 0.571875 0.802778 0.021875 0.038889
8 0.571875 0.751389 0.060937 0.036111
