4 0.510156 0.212500 0.024219 0.043056
8 0.510156 0.159028 0.060937 0.036111
1 0.645312 0.591667 0.016406 0.029167
8 0.645312 0.545139 0.060937 0.036111
3 0.149219 0.738889 0.023438 0.041667
8 0.149219 0.686111 0.060937 0.036111
4 0.141406 0.208333 0.025000 0.044444
8 0.141406 0.154167 0.060937 0.036111
2 0.210938 0.687500 0.016406 0.029167
8 0.195312 0.627083 0.060937 0.036111
3 0.245312 0.645833 0.024219 0.043056
8 0.294141 0.645833 0.060937 0.036111
2 0.293750 0.187500 0.018750 0.033333
8 0.293750 0.138889 0.060937 0.036111
0 0.222656 0.726389 0.024219 0.043056
8 0.222656 0.779861 0.060937 0.036111
3 0.645312 0.429167 0.017969 0.031944
8 0.645312 0.381250 0.060937 0.036111
1 0.564063 0.384722 0.027344 0.048611
8 0.564063 0.328472 0.060937 0.036111
