2 0.189062 0.709722 0.020313 0.036111
8 0.189062 0.659722 0.060937 0.036111
2 0.472656 0.225000 0.017188 0.030556
8 0.472656 0.177778 0.060937 0.036111
0 0.254688 0.730556 0.017969 0.031944
8 0.254688 0.682639 0.060937 0.036111
1 0.644531 0.248611 0.025781 0.045833
8 0.644531 0.303472 0.060937 0.036111
5 0.860938 0.362500 0.024219 0.043056
8 0.860938 0.309028 0.060937 0.036111
2 0.210938 0.854167 0.017969 0.031944
8 0.210938 0.806250 0.060937 0.036111
2 0.649219 0.166667 0.021875 0.038889
8 0.649219 0.115278 0.060937 0.036111
6 0.408594 0.290278 0.021094 0.037500
8 0.408594 0.239583 0.060937 0.036111
