0 0.882031 0.293056 0.015625 0.027778
8 0.882031 0.247222 0.060937 0.036111
5 0.699219 0.812500 0.017969 0.031944
8 0.699219 0.764583 0.060937 0.036111
3 0.778125 0.805556 0.025000 0.044444
8 0.778125 0.751389 0.060937 0.036111
3 0.636719 0.404167 0.015625 0.027778
8 0.636719 0.358333 0.060937 0.036111
1 0.429688 0.708333 0.017969 0.031944
8 0.429688 0.660417 0.060937 0.036111
5 0.570312 0.540278 0.027344 0.048611
8 0.570312 0.484028 0.060937 0.036111
1 0.533594 0.545833 0.016406 0.029167
8 0.488672 0.545833 0.060937 0.036111
