2 0.740625 0.773611 0.025000 0.044444
8 0.740625 0.719444 0.060937 0.036111
1 0.539062 0.494444 0.025000 0.044444
8 0.539062 0.440278 0.060937 0.036111
4 0.796875 0.406944 0.018750 0.033333
8 0.796875 0.358333 0.060937 0.036111
3 0.200781 0.720833 0.019531 0.034722
8 0.200781 0.671528 0.060937 0.036111
1 0.812500 0.698611 0.019531 0.034722
8 0.812500 0.649306 0.060937 0.036111
0 0.838281 0.723611 0.020313 0.036111
8 0.838281 0.773611 0.060937 0.036111
6 0.325781 0.329167 0.026562 0.047222
8 0.325781 0.273611 0.060937 0.036111
