5 0.882812 0.791667 0.017188 0.030556
8 0.882812 0.744444 0.060937 0.036111
7 0.353125 0.193056 0.027344 0.048611
8 0.353125 0.136806 0.060937 0.036111
2 0.203906 0.841667 0.020313 0.036111
8 0.203906 0.791667 0.060937 0.036111
1 0.817187 0.647222 0.018750 0.033333
8 0.817187 0.598611 0.060937 0.036111
0 0.578906 0.606944 0.017969 0.031944
8 0.578906 0.559028 0.060937 0.036111
3 0.526563 0.311111 0.017188 0.030556
8 0.526563 0.263889 0.060937 0.036111
1 0.565625 0.186111 0.015625 0.027778
8 0.565625 0.140278 0.060937 0.036111
