3 0.572656 0.176389 0.026562 0.047222
8 0.572656 0.120833 0.060937 0.036111
3 0.912500 0.686111 0.027344 0.048611
8 0.912500 0.629861 0.060937 0.036111
2 0.438281 0.569444 0.018750 0.033333
8 0.438281 0.520833 0.060937 0.036111
1 0.421094 0.815278 0.017188 0.030556
8 0.421094 0.768056 0.060937 0.036111
7 0.104688 0.459722 0.026562 0.047222
8 0.104688 0.404167 0.060937 0.036111
0 0.339062 0.436111 0.019531 0.034722
8 0.339062 0.386806 0.060937 0.036111
2 0.587500 0.716667 0.015625 0.027778
8 0.587500 0.670833 0.060937 0.036111
6 0.471875 0.734722 0.016406 0.029167
8 0.471875 0.688194 0.060937 0.036111
0 0.230469 0.830556 0.021875 0.038889
8 0.230469 0.779167 0.060937 0.036111
