1 0.596094 0.461111 0.022656 0.040278
8 0.596094 0.409028 0.060937 0.036111
5 0.167969 0.276389 0.027344 0.048611
8 0.167969 0.220139 0.060937 0.036111
3 0.089063 0.240278 0.025781 0.045833
8 0.089063 0.185417 0.060937 0.036111
2 0.744531 0.761111 0.021875 0.038889
8 0.744531 0.709722 0.060937 0.036111
0 0.895312 0.704167 0.018750 0.033333
8 0.895312 0.655556 0.060937 0.036111
3 0.261719 0.641667 0.026562 0.047222
8 0.261719 0.586111 0.060937 0.036111
2 0.751563 0.879167 0.019531 0.034722
8 0.751563 0.829861 0.060937 0.036111
6 0.113281 0.401389 0.027344 0.048611
8 0.113281 0.345139 0.060937 0.036111
2 0.727344 0.515278 0.021875 0.038889
8 0.727344 0.463889 0.060937 0.036111
