2 0.443750 0.184722 0.021875 0.038889
8 0.443750 0.133333 0.060937 0.036111
1 0.419531 0.200000 0.017969 0.031944
8 0.419531 0.247917 0.060937 0.036111
0 0.302344 0.822222 0.018750 0.033333
8 0.302344 0.773611 0.060937 0.036111
1 0.222656 0.762500 0.025781 0.045833
8 0.222656 0.707639 0.060937 0.036111
3 0.604688 0.730556 0.020313 0.036111
8 0.604688 0.680556 0.060937 0.036111
7 0.577344 0.395833 0.023438 0.041667
8 0.577344 0.343056 0.060937 0.036111
0 0.803906 0.768056 0.024219 0.043056
8 0.803906 0.714583 0.060937 0.036111
5 0.850000 0.648611 0.019531 0.034722
8 0.850000 0.599306 0.060937 0.036111
