5 0.583594 0.547222 0.021094 0.037500
8 0.583594 0.496528 0.059375 0.036111
0 0.567187 0.398611 0.022656 0.040278
8 0.567187 0.346528 0.060937 0.036111
2 0.439063 0.180556 0.027344 0.048611
8 0.439063 0.124306 0.060937 0.036111
0 0.289844 0.516667 0.024219 0.043056
8 0.289844 0.463194 0.060937 0.036111
3 0.752344 0.837500 0.025781 0.045833
8 0.752344 0.782639 0.060937 0.036111
1 0.478125 0.658333 0.027344 0.048611
8 0.478125 0.602083 0.060937 0.036111
5 0.225000 0.656944 0.017969 0.031944
8 0.225000 0.609028 0.060937 0.036111
