3 0.253906 0.440278 0.023438 0.041667
8 0.253906 0.387500 0.060937 0.036111
0 0.741406 0.187500 0.017188 0.030556
8 0.741406 0.140278 0.060937 0.036111
0 0.497656 0.537500 0.020313 0.036111
8 0.497656 0.487500 0.060937 0.036111
3 0.784375 0.238889 0.022656 0.040278
8 0.784375 0.290972 0.060937 0.036111
4 0.236719 0.512500 0.025781 0.045833
8 0.236719 0.567361 0.060937 0.036111
3 0.088281 0.605556 0.017188 0.030556
8 0.088281 0.558333 0.060937 0.036111
0 0.291406 0.170833 0.021094 0.037500
8 0.291406 0.120139 0.060937 0.036111
5 0.195312 0.284722 0.022656 0.040278
8 0.195312 0.232639 0.060937 0.036111
