2 0.277344 0.750000 0.019531 0.034722
8 0.277344 0.700694 0.060937 0.036111
1 0.089844 0.798611 0.021875 0.038889
8 0.089844 0.747222 0.060937 0.036111
3 0.444531 0.829167 0.021875 0.038889
8 0.444531 0.777778 0.060937 0.036111
3 0.882812 0.391667 0.018750 0.033333
8 0.882812 0.343056 0.060937 0.036111
0 0.091406 0.490278 0.020313 0.036111
8 0.091406 0.440278 0.060937 0.036111
2 0.141406 0.662500 0.025000 0.044444
8 0.141406 0.608333 0.060937 0.036111
6 0.671875 0.516667 0.015625 0.027778
8 0.671875 0.562500 0.060937 0.036111
2 0.692969 0.487500 0.019531 0.034722
8 0.692969 0.438194 0.060937 0.036111
4 0.328906 0.686111 0.024219 0.043056
8 0.328906 0.632639 0.060937 0.036111
