1 0.655469 0.363889 0.021875 0.038889
8 0.655469 0.312500 0.060937 0.036111
2 0.275781 0.301389 0.024219 0.043056
8 0.275781 0.247917 0.060937 0.036111
1 0.541406 0.870833 0.016406 0.029167
8 0.541406 0.824306 0.060937 0.036111
3 0.184375 0.284722 0.020313 0.036111
8 0.184375 0.234722 0.060937 0.036111
7 0.696875 0.776389 0.020313 0.036111
8 0.696875 0.726389 0.060937 0.036111
2 0.545312 0.625000 0.015625 0.027778
8 0.545312 0.579167 0.060937 0.036111
0 0.867188 0.463889 0.015625 0.027778
8 0.867188 0.418056 0.060937 0.036111
3 0.824219 0.534722 0.017969 0.031944
8 0.824219 0.582639 0.060937 0.036111
6 0.663281 0.576389 0.017969 0.031944
8 0.663281 0.528472 0.060937 0.036111
0 0.149219 0.483333 0.025000 0.044444
8 0.149219 0.429167 0.060937 0.036111
