4 0.133594 0.844444 0.017188 0.030556
8 0.133594 0.891667 0.060937 0.036111
0 0.823438 0.402778 0.018750 0.033333
8 0.823438 0.354167 0.060937 0.036111
0 0.232031 0.581944 0.024219 0.043056
8 0.232031 0.528472 0.060937 0.036111
0 0.846094 0.693056 0.016406 0.029167
8 0.846094 0.646528 0.060937 0.036111
1 0.316406 0.530556 0.021875 0.038889
8 0.316406 0.479167 0.060937 0.036111
5 0.563281 0.550000 0.016406 0.029167
8 0.563281 0.503472 0.059375 0.036111
0 0.126562 0.772222 0.017188 0.030556
8 0.126562 0.725000 0.060937 0.036111
0 0.169531 0.790278 0.023438 0.041667
8 0.217969 0.790278 0.060937 0.036111
0 0.196094 0.736111 0.017188 0.030556
8 0.196094 0.688889 0.060937 0.036111
2 0.796875 0.712500 0.024219 0.043056
8 0.796875 0.765972 0.060937 0.036111
