3 0.321094 0.312500 0.025781 0.045833
8 0.321094 0.257639 0.060937 0.036111
0 0.919531 0.234722 0.016406 0.029167
8 0.919531 0.188194 0.060937 0.036111
3 0.080469 0.709722 0.019531 0.034722
8 0.080469 0.660417 0.060937 0.036111
1 0.529687 0.754167 0.025781 0.045833
8 0.529687 0.699306 0.060937 0.036111
2 0.446875 0.719444 0.025781 0.045833
8 0.446875 0.664583 0.060937 0.036111
0 0.808594 0.575000 0.023438 0.041667
8 0.808594 0.522222 0.060937 0.036111
2 0.825000 0.831944 0.025000 0.044444
8 0.825000 0.777778 0.060937 0.036111
7 0.114062 0.291667 0.016406 0.029167
8 0.114062 0.245139 0.060937 0.036111
6 0.641406 0.687500 0.018750 0.033333
8 0.641406 0.638889 0.059375 0.036111
