0 0.807031 0.683333 0.022656 0.040278
8 0.807031 0.631250 0.060937 0.036111
2 0.780469 0.316667 0.015625 0.027778
8 0.780469 0.270833 0.060937 0.036111
3 0.666406 0.343056 0.025000 0.044444
8 0.666406 0.288889 0.060937 0.036111
2 0.744531 0.195833 0.020313 0.036111
8 0.744531 0.145833 0.060937 0.036111
7 0.456250 0.536111 0.019531 0.034722
8 0.456250 0.486806 0.060937 0.036111
2 0.207031 0.543056 0.016406 0.029167
8 0.207031 0.496528 0.060937 0.036111
0 0.394531 0.252778 0.018750 0.033333
8 0.394531 0.204167 0.060937 0.036111
1 0.311719 0.404167 0.017188 0.030556
8 0.311719 0.356944 0.060937 0.036111
4 0.212500 0.440278 0.021875 0.038889
8 0.212500 0.388889 0.060937 0.036111
1 0.228906 0.319444 0.018750 0.033333
8 0.228906 0.270833 0.060937 0.036111
