3 0.575000 0.330556 0.019531 0.034722
8 0.575000 0.281250 0.060937 0.036111
0 0.110156 0.569444 0.026562 0.047222
8 0.110156 0.513889 0.060937 0.036111
7 0.348438 0.311111 0.023438 0.041667
8 0.348438 0.258333 0.060937 0.036111
2 0.597656 0.668056 0.025000 0.044444
8 0.597656 0.613889 0.060937 0.036111
3 0.264062 0.412500 0.016406 0.029167
8 0.264062 0.365972 0.060937 0.036111
0 0.497656 0.641667 0.018750 0.033333
8 0.497656 0.593056 0.060937 0.036111
0 0.275000 0.230556 0.019531 0.034722
8 0.275000 0.181250 0.060937 0.036111
5 0.882812 0.452778 0.023438 0.041667
8 0.882812 0.400000 0.060937 0.036111
1 0.466406 0.316667 0.021875 0.038889
8 0.466406 0.265278 0.059375 0.036111
0 0.265625 0.609722 0.026562 0.047222
8 0.265625 0.554167 0.060937 0.036111
