0 0.591406 0.359722 0.018750 0.033333
8 0.591406 0.311111 0.060937 0.036111
2 0.364844 0.581944 0.020313 0.036111
8 0.364844 0.631944 0.059375 0.036111
2 0.327344 0.880556 0.024219 0.043056
8 0.327344 0.827083 0.060937 0.036111
1 0.535156 0.638889 0.024219 0.043056
8 0.535156 0.585417 0.060937 0.036111
0 0.858594 0.529167 0.016406 0.029167
8 0.858594 0.482639 0.060937 0.036111
0 0.330469 0.523611 0.019531 0.034722
8 0.283984 0.523611 0.060937 0.036111
0 0.078906 0.447222 0.021094 0.037500
8 0.078906 0.396528 0.060937 0.036111
7 0.119531 0.343056 0.020313 0.036111
8 0.119531 0.293056 0.060937 0.036111
4 0.369531 0.468056 0.025781 0.045833
8 0.369531 0.413194 0.060937 0.036111
1 0.457813 0.298611 0.017969 0.031944
8 0.457813 0.250694 0.060937 0.036111
