3 0.285156 0.213889 0.024219 0.043056
8 0.285156 0.267361 0.060937 0.036111
0 0.537500 0.748611 0.017188 0.030556
8 0.537500 0.701389 0.060937 0.036111
1 0.442969 0.819444 0.018750 0.033333
8 0.442969 0.770833 0.060937 0.036111
2 0.879687 0.518056 0.017188 0.030556
8 0.879687 0.470833 0.060937 0.036111
0 0.860156 0.620833 0.015625 0.027778
8 0.860156 0.575000 0.060937 0.036111
6 0.382031 0.808333 0.024219 0.043056
8 0.382031 0.861806 0.060937 0.036111
0 0.368750 0.686111 0.020313 0.036111
8 0.368750 0.636111 0.060937 0.036111
1 0.242188 0.170833 0.025781 0.045833
8 0.242188 0.115972 0.060937 0.036111
4 0.873437 0.187500 0.026562 0.047222
8 0.873437 0.131944 0.060937 0.036111
