6 0.589844 0.795833 0.024219 0.043056
8 0.589844 0.742361 0.060937 0.036111
2 0.545312 0.434722 0.018750 0.033333
8 0.545312 0.386111 0.060937 0.036111
0 0.151562 0.722222 0.024219 0.043056
8 0.151562 0.668750 0.060937 0.036111
2 0.137500 0.419444 0.016406 0.029167
8 0.137500 0.465972 0.060937 0.036111
3 0.158594 0.343056 0.021094 0.037500
8 0.158594 0.292361 0.060937 0.036111
4 0.766406 0.183333 0.017969 0.031944
8 0.766406 0.135417 0.060937 0.036111
1 0.214062 0.318056 0.021875 0.038889
8 0.214062 0.369444 0.060937 0.036111
1 0.640625 0.404167 0.025781 0.045833
8 0.640625 0.349306 0.060937 0.036111
