0 0.255469 0.804167 0.025000 0.044444
8 0.255469 0.750000 0.060937 0.036111
1 0.200000 0.738889 0.024219 0.043056
8 0.200000 0.685417 0.060937 0.036111
5 0.675781 0.354167 0.019531 0.034722
8 0.675781 0.304861 0.059375 0.036111
1 0.193750 0.170833 0.025781 0.045833
8 0.193750 0.115972 0.060937 0.036111
0 0.360156 0.458333 0.024219 0.043056
8 0.360156 0.404861 0.060937 0.036111
5 0.264844 0.845833 0.016406 0.029167
8 0.264844 0.892361 0.060937 0.036111
1 0.769531 0.644444 0.018750 0.033333
8 0.769531 0.595833 0.060937 0.036111
3 0.770312 0.454167 0.022656 0.040278
8 0.770312 0.402083 0.060937 0.036111
0 0.541406 0.734722 0.025781 0.045833
8 0.541406 0.679861 0.060937 0.036111
0 0.638281 0.879167 0.021875 0.038889
8 0.638281 0.827778 0.060937 0.036111
