3 0.384375 0.644444 0.016406 0.029167
8 0.384375 0.597917 0.060937 0.036111
6 0.896094 0.450000 0.017188 0.030556
8 0.896094 0.402778 0.060937 0.036111
3 0.179688 0.830556 0.024219 0.043056
8 0.179688 0.777083 0.060937 0.036111
3 0.199219 0.434722 0.021875 0.038889
8 0.199219 0.486111 0.060937 0.036111
0 0.283594 0.816667 0.023438 0.041667
8 0.283594 0.763889 0.060937 0.036111
6 0.590625 0.887500 0.024219 0.043056
8 0.590625 0.834028 0.059375 0.036111
1 0.091406 0.834722 0.027344 0.048611
8 0.091406 0.778472 0.060937 0.036111
3 0.175781 0.306944 0.018750 0.033333
8 0.175781 0.258333 0.060937 0.036111
1 0.096875 0.663889 0.025000 0.044444
8 0.096875 0.609722 0.060937 0.036111
1 0.167187 0.423611 0.027344 0.048611
8 0.167187 0.367361 0.060937 0.036111
