1 0.788281 0.400000 0.021094 0.037500
8 0.788281 0.349306 0.060937 0.036111
2 0.772656 0.575000 0.017188 0.030556
8 0.772656 0.527778 0.060937 0.036111
1 0.174219 0.338889 0.020313 0.036111
8 0.174219 0.288889 0.060937 0.036111
7 0.380469 0.644444 0.022656 0.040278
8 0.380469 0.592361 0.060937 0.036111
3 0.824219 0.652778 0.015625 0.027778
8 0.824219 0.606944 0.060937 0.036111
4 0.129688 0.477778 0.027344 0.048611
8 0.129688 0.421528 0.060937 0.036111
1 0.530469 0.462500 0.019531 0.034722
8 0.530469 0.413194 0.060937 0.036111
