1 0.606250 0.247222 0.019531 0.034722
8 0.606250 0.197917 0.060937 0.036111
0 0.416406 0.480556 0.021875 0.038889
8 0.416406 0.429167 0.060937 0.036111
0 0.499219 0.369444 0.022656 0.040278
8 0.499219 0.317361 0.057813 0.036111
1 0.613281 0.741667 0.023438 0.041667
8 0.613281 0.688889 0.060937 0.036111
6 0.818750 0.687500 0.021094 0.037500
8 0.818750 0.636806 0.060937 0.036111
3 0.259375 0.627778 0.020313 0.036111
8 0.259375 0.577778 0.060937 0.036111
6 0.660937 0.563889 0.027344 0.048611
8 0.660937 0.507639 0.060937 0.036111
