0 0.237500 0.597222 0.027344 0.048611
8 0.237500 0.540972 0.060937 0.036111
0 0.806250 0.180556 0.016406 0.029167
8 0.806250 0.134028 0.060937 0.036111
5 0.527344 0.350000 0.022656 0.040278
8 0.527344 0.297917 0.060937 0.036111
3 0.083594 0.500000 0.019531 0.034722
8 0.083594 0.450694 0.060937 0.036111
0 0.213281 0.462500 0.017969 0.031944
8 0.213281 0.414583 0.060937 0.036111
6 0.589844 0.402778 0.021094 0.037500
8 0.589844 0.352083 0.060937 0.036111
2 0.614844 0.604167 0.026562 0.047222
8 0.614844 0.548611 0.060937 0.036111
3 0.719531 0.554167 0.021094 0.037500
8 0.719531 0.503472 0.060937 0.036111
3 0.097656 0.815278 0.025000 0.044444
8 0.097656 0.761111 0.060937 0.036111
3 0.135937 0.327778 0.018750 0.033333
8 0.135937 0.279167 0.060937 0.036111
