7 0.175000 0.756944 0.020313 0.036111
8 0.175000 0.706944 0.060937 0.036111
5 0.873437 0.323611 0.017188 0.030556
8 0.873437 0.276389 0.060937 0.036111
1 0.841406 0.483333 0.020313 0.036111
8 0.841406 0.433333 0.060937 0.036111
1 0.920312 0.355556 0.017969 0.031944
8 0.920312 0.403472 0.060937 0.036111
0 0.239063 0.512500 0.026562 0.047222
8 0.239063 0.456944 0.060937 0.036111
2 0.475781 0.509722 0.018750 0.033333
8 0.475781 0.461111 0.060937 0.036111
3 0.228906 0.737500 0.027344 0.048611
8 0.228906 0.793750 0.060937 0.036111
3 0.703906 0.713889 0.023438 0.041667
8 0.703906 0.661111 0.060937 0.036111
