0 0.916406 0.200000 0.016406 0.029167
8 0.916406 0.153472 0.060937 0.036111
7 0.471094 0.508333 0.026562 0.047222
8 0.471094 0.452778 0.060937 0.036111
6 0.344531 0.733333 0.019531 0.034722
8 0.344531 0.684028 0.060937 0.036111
3 0.858594 0.556944 0.025000 0.044444
8 0.858594 0.502778 0.060937 0.036111
1 0.798438 0.659722 0.027344 0.048611
8 0.798438 0.603472 0.060937 0.036111
1 0.904687 0.336111 0.023438 0.041667
8 0.904687 0.283333 0.060937 0.036111
2 0.617969 0.215278 0.018750 0.033333
8 0.617969 0.166667 0.060937 0.036111
3 0.708594 0.223611 0.015625 0.027778
8 0.708594 0.177778 0.060937 0.036111
1 0.616406 0.413889 0.020313 0.036111
8 0.616406 0.363889 0.060937 0.036111
