3 0.537500 0.691667 0.020313 0.036111
8 0.537500 0.641667 0.060937 0.036111
2 0.778125 0.720833 0.027344 0.048611
8 0.778125 0.664583 0.060937 0.036111
0 0.482812 0.734722 0.020313 0.036111
8 0.435937 0.734722 0.060937 0.036111
0 0.843750 0.212500 0.016406 0.029167
8 0.843750 0.165972 0.060937 0.036111
5 0.384375 0.398611 0.017188 0.030556
8 0.384375 0.351389 0.060937 0.036111
7 0.509375 0.769444 0.022656 0.040278
8 0.509375 0.821528 0.060937 0.036111
0 0.468750 0.670833 0.025781 0.045833
8 0.468750 0.615972 0.060937 0.036111
