6 0.521094 0.815278 0.026562 0.047222
8 0.521094 0.759722 0.060937 0.036111
7 0.353906 0.429167 0.018750 0.033333
8 0.353906 0.380556 0.060937 0.036111
1 0.207031 0.827778 0.026562 0.047222
8 0.207031 0.772222 0.060937 0.036111
1 0.259375 0.555556 0.021094 0.037500
8 0.259375 0.504861 0.060937 0.036111
3 0.756250 0.702778 0.021875 0.038889
8 0.756250 0.651389 0.060937 0.036111
2 0.256250 0.225000 0.020313 0.036111
8 0.256250 0.175000 0.060937 0.036111
0 0.446094 0.506944 0.020313 0.036111
8 0.446094 0.456944 0.060937 0.036111
