3 0.775000 0.326389 0.022656 0.040278
8 0.775000 0.274306 0.060937 0.036111
1 0.539844 0.166667 0.019531 0.034722
8 0.539844 0.117361 0.060937 0.036111
2 0.538281 0.718056 0.016406 0.029167
8 0.538281 0.764583 0.060937 0.036111
0 0.530469 0.663889 0.019531 0.034722
8 0.483984 0.663889 0.060937 0.036111
2 0.436719 0.843056 0.027344 0.048611
8 0.436719 0.786806 0.060937 0.036111
1 0.514844 0.587500 0.016406 0.029167
8 0.514844 0.540972 0.060937 0.036111
0 0.435156 0.356944 0.017188 0.030556
8 0.435156 0.309722 0.060937 0.036111
4 0.583594 0.316667 0.025781 0.045833
8 0.583594 0.261806 0.060937 0.036111
7 0.127344 0.547222 0.019531 0.034722
8 0.127344 0.497917 0.060937 0.036111
