0 0.096875 0.765278 0.020313 0.036111
8 0.096875 0.715278 0.060937 0.036111
3 0.305469 0.505556 0.015625 0.027778
8 0.305469 0.459722 0.060937 0.036111
0 0.908594 0.801389 0.022656 0.040278
8 0.908594 0.749306 0.060937 0.036111
1 0.203906 0.425000 0.021875 0.038889
8 0.203906 0.373611 0.060937 0.036111
3 0.236719 0.704167 0.025781 0.045833
8 0.236719 0.759028 0.060937 0.036111
0 0.785156 0.813889 0.023438 0.041667
8 0.785156 0.761111 0.060937 0.036111
1 0.413281 0.716667 0.027344 0.048611
8 0.413281 0.660417 0.059375 0.036111
6 0.529687 0.252778 0.021094 0.037500
8 0.529687 0.202083 0.060937 0.036111
5 0.781250 0.550000 0.021094 0.037500
8 0.781250 0.499306 0.060937 0.036111
2 0.217188 0.637500 0.027344 0.048611
8 0.217188 0.581250 0.060937 0.036111
