1 0.596875 0.855556 0.025000 0.044444
8 0.596875 0.801389 0.060937 0.036111
0 0.532031 0.484722 0.022656 0.040278
8 0.532031 0.432639 0.060937 0.036111
3 0.096094 0.390278 0.015625 0.027778
8 0.096094 0.344444 0.060937 0.036111
6 0.699219 0.316667 0.019531 0.034722
8 0.699219 0.365972 0.060937 0.036111
3 0.687500 0.275000 0.021094 0.037500
8 0.687500 0.224306 0.060937 0.036111
1 0.702344 0.825000 0.027344 0.048611
8 0.702344 0.768750 0.060937 0.036111
4 0.182031 0.551389 0.024219 0.043056
8 0.182031 0.497917 0.060937 0.036111
