2 0.479687 0.320833 0.015625 0.027778
8 0.479687 0.275000 0.060937 0.036111
2 0.912500 0.594444 0.018750 0.033333
8 0.912500 0.545833 0.060937 0.036111
2 0.453906 0.358333 0.017188 0.030556
8 0.453906 0.405556 0.060937 0.036111
6 0.507812 0.734722 0.018750 0.033333
8 0.507812 0.686111 0.060937 0.036111
1 0.404687 0.370833 0.017969 0.031944
8 0.404687 0.322917 0.060937 0.036111
6 0.325781 0.476389 0.016406 0.029167
8 0.325781 0.429861 0.060937 0.036111
3 0.309375 0.241667 0.019531 0.034722
8 0.309375 0.192361 0.060937 0.036111
0 0.504687 0.490278 0.017188 0.030556
8 0.504687 0.537500 0.060937 0.036111
3 0.692969 0.491667 0.018750 0.033333
8 0.692969 0.443056 0.060937 0.036111
